UE positions (x y z)
141.2940 -5.2534 1.6000
120.0880 -2.7534 1.6000
145.3840 -8.7534 1.6000
105.4230 -8.7534 1.6000
98.0688 -1.7534 1.6000
122.7130 -4.2534 1.6000
130.0160 -4.2534 1.6000
107.0200 -5.2534 1.6000
126.5330 -0.7534 1.6000
102.8020 -5.2534 1.6000
137.4290 -2.7534 1.6000
107.8840 -2.7534 1.6000
139.4700 -9.7534 1.6000
139.5420 -6.2534 1.6000
98.3123 -8.7534 1.6000
115.3720 -9.7534 1.6000
135.6250 -2.7534 1.6000
132.9810 -5.2534 1.6000
121.5210 -9.7534 1.6000
144.1680 -4.2534 1.6000
98.0241 -1.7534 1.6000
126.8990 -9.7534 1.6000
133.1330 -2.7534 1.6000
103.1320 -5.2534 1.6000
133.1860 -1.7534 1.6000
114.9880 -4.2534 1.6000
126.3590 -9.7534 1.6000
96.2983 -7.7534 1.6000
142.3320 -8.7534 1.6000
129.9660 -8.7534 1.6000
144.3020 -1.7534 1.6000
97.7680 -5.2534 1.6000
101.6120 -5.2534 1.6000
104.3300 -2.7534 1.6000
121.6590 -9.7534 1.6000
105.9060 -8.7534 1.6000
135.0460 -5.2534 1.6000
121.8270 -9.7534 1.6000
136.2720 -8.7534 1.6000
97.9478 -8.7534 1.6000
128.4240 -6.2534 1.6000
123.0250 -2.7534 1.6000
135.4670 -5.2534 1.6000
130.0870 -2.7534 1.6000
93.7788 -5.2534 1.6000
109.9650 -2.7534 1.6000
145.0210 -8.7534 1.6000
101.1100 -8.7534 1.6000
112.2000 -6.2534 1.6000
107.9880 -8.7534 1.6000
122.1710 -1.7534 1.6000
144.9750 -8.7534 1.6000
121.0760 -7.7534 1.6000
101.5410 -8.7534 1.6000
118.4790 -4.2534 1.6000
105.1630 -1.7534 1.6000
123.0460 -1.7534 1.6000
144.0330 -5.2534 1.6000
132.6870 -7.7534 1.6000
114.0860 -0.7534 1.6000
135.4190 -5.2534 1.6000
109.6580 -0.7534 1.6000
130.8750 -6.2534 1.6000
123.9900 -7.7534 1.6000
107.6580 -5.2534 1.6000
118.5780 -9.7534 1.6000
99.6862 -8.7534 1.6000
114.8010 -2.7534 1.6000
129.7170 -8.7534 1.6000
143.7460 -8.7534 1.6000
140.3290 -5.2534 1.6000
119.9440 -4.2534 1.6000
133.7300 -1.7534 1.6000
141.6660 -1.7534 1.6000
138.2330 -7.7534 1.6000
112.8420 -9.7534 1.6000
135.9970 -1.7534 1.6000
100.2510 -7.7534 1.6000
130.6770 -9.7534 1.6000
139.7650 -5.2534 1.6000
97.0096 -8.7534 1.6000
107.6870 -8.7534 1.6000
115.2860 -9.7534 1.6000
136.9870 -8.7534 1.6000
129.4450 -6.2534 1.6000
94.2509 -8.7534 1.6000
120.9580 -2.7534 1.6000
107.6600 -5.2534 1.6000
118.1580 -2.7534 1.6000
104.9870 -8.7534 1.6000
145.9110 -8.7534 1.6000
124.1350 -9.7534 1.6000
139.9950 -5.2534 1.6000
139.9480 -0.7534 1.6000
141.7450 -8.7534 1.6000
147.2270 -5.2534 1.6000
137.0570 -5.2534 1.6000
97.6413 -8.7534 1.6000
90.9358 -9.7534 1.6000
128.4840 -9.7534 1.6000
117.3170 -9.7534 1.6000
108.1150 -2.7534 1.6000
143.2560 -8.7534 1.6000
110.3170 -9.7534 1.6000
94.0929 -1.7534 1.6000
121.9140 -6.2534 1.6000
102.1420 -1.7534 1.6000
130.9680 -9.7534 1.6000
134.6640 -5.2534 1.6000
106.7990 -8.7534 1.6000
107.0840 -4.2534 1.6000
96.0523 -8.7534 1.6000
102.7070 -5.2534 1.6000
94.2989 -1.7534 1.6000
146.6020 -8.7534 1.6000
124.8140 -6.2534 1.6000
128.0500 -6.2534 1.6000
94.9668 -7.7534 1.6000
116.9670 -9.7534 1.6000
123.9670 -9.7534 1.6000
90.5607 -6.2534 1.6000
134.8880 -8.7534 1.6000
126.7620 -9.7534 1.6000
145.7620 -8.7534 1.6000
127.0670 -9.7534 1.6000
121.6190 -2.7534 1.6000
141.1120 -1.7534 1.6000
108.3520 -6.2534 1.6000
138.3370 -0.7534 1.6000
110.8430 -4.2534 1.6000
126.6980 -6.2534 1.6000
144.9880 -9.7534 1.6000
128.1380 -2.7534 1.6000
106.7580 -7.7534 1.6000
137.7880 -5.2534 1.6000
118.9790 -7.7534 1.6000
122.0740 -9.7534 1.6000
122.5160 -2.7534 1.6000
145.4680 -8.7534 1.6000
129.8430 -8.7534 1.6000
144.5900 -8.7534 1.6000
124.5220 -6.2534 1.6000
103.5790 -1.7534 1.6000
98.8218 -5.2534 1.6000
128.9940 -4.2534 1.6000
135.1730 -2.7534 1.6000
111.9810 -7.7534 1.6000
111.9960 -2.7534 1.6000
146.7900 -1.7534 1.6000
130.1950 -9.7534 1.6000
115.8240 -7.7534 1.6000
104.3490 -5.2534 1.6000
130.6170 -1.7534 1.6000
135.4610 -8.7534 1.6000
105.6770 -8.7534 1.6000
142.4610 -8.7534 1.6000
135.8040 -5.2534 1.6000
108.9960 -2.7534 1.6000
128.0120 -9.7534 1.6000
107.4450 -6.2534 1.6000
139.1730 -5.2534 1.6000
93.6955 -8.7534 1.6000
96.2856 -0.7534 1.6000
121.2410 -2.7534 1.6000
103.4510 -5.2534 1.6000
146.2460 -1.7534 1.6000
99.5123 -1.7534 1.6000
107.7320 -7.7534 1.6000
134.3450 -2.7534 1.6000
117.7410 -6.2534 1.6000
95.3012 -5.2534 1.6000
135.4530 -8.7534 1.6000
144.3000 -5.2534 1.6000
111.8310 -8.7534 1.6000
117.2420 -0.7534 1.6000
140.7950 -8.7534 1.6000
130.0490 -2.7534 1.6000
116.3130 -9.7534 1.6000
134.7910 -7.7534 1.6000
131.9400 -5.2534 1.6000
119.9790 -9.7534 1.6000
137.7620 -1.7534 1.6000
129.2160 -6.2534 1.6000
111.6760 -9.7534 1.6000
129.0100 -1.7534 1.6000
119.1520 -9.7534 1.6000
103.0080 -1.7534 1.6000
123.7020 -2.7534 1.6000
138.6770 -8.7534 1.6000
134.1770 -7.7534 1.6000
96.4689 -1.7534 1.6000
113.0140 -9.7534 1.6000
108.8100 -9.7534 1.6000
105.6240 -2.7534 1.6000
144.8790 -1.7534 1.6000
96.9426 -5.2534 1.6000
141.3520 -1.7534 1.6000
135.4710 -8.7534 1.6000
117.0090 -9.7534 1.6000
133.4620 -5.2534 1.6000
101.1080 -8.7534 1.6000
127.9610 -6.2534 1.6000
113.2960 -4.2534 1.6000
91.3134 -1.7534 1.6000
118.8770 -9.7534 1.6000
120.7300 -6.2534 1.6000
122.9440 -2.7534 1.6000
111.1260 -2.7534 1.6000
131.7950 -4.2534 1.6000
131.8790 -2.7534 1.6000
137.4200 -7.7534 1.6000
144.1080 -8.7534 1.6000
113.8830 -6.2534 1.6000
126.5180 -9.7534 1.6000
144.0550 -8.7534 1.6000
130.1180 -6.2534 1.6000
99.2731 -5.2534 1.6000
142.9070 -8.7534 1.6000
110.4680 -8.7534 1.6000
114.9680 -9.7534 1.6000
128.6920 -6.2534 1.6000
123.0870 -9.7534 1.6000
143.0010 -8.7534 1.6000
109.0820 -2.7534 1.6000
114.6080 -2.7534 1.6000
110.2600 -8.7534 1.6000
94.4539 -5.2534 1.6000
93.1261 -8.7534 1.6000
111.4740 -6.2534 1.6000
112.4080 -2.7534 1.6000
107.3570 -7.7534 1.6000
100.0980 -8.7534 1.6000
145.9140 -5.2534 1.6000
95.7445 -1.7534 1.6000
107.2730 -8.7534 1.6000
118.2860 -9.7534 1.6000
121.7320 -9.7534 1.6000
144.4380 -5.2534 1.6000
132.5650 -2.7534 1.6000
135.5950 -8.7534 1.6000
99.5228 -5.2534 1.6000
115.0420 -9.7534 1.6000
123.8330 -9.7534 1.6000
96.1282 -1.7534 1.6000
96.1279 -1.7534 1.6000
105.9090 -8.7534 1.6000
118.6750 -6.2534 1.6000
122.5170 -9.7534 1.6000
138.9150 -1.7534 1.6000
131.1300 -8.7534 1.6000
126.6300 -9.7534 1.6000
143.7310 -5.2534 1.6000
140.7330 -1.7534 1.6000
93.9440 -5.2534 1.6000
100.9440 -5.2534 1.6000
130.5560 -9.7534 1.6000
132.5730 -8.7534 1.6000
108.8910 -4.2534 1.6000
139.9430 -5.2534 1.6000
97.1343 -6.2534 1.6000
127.0910 -7.7534 1.6000
115.9870 -2.7534 1.6000
146.5020 -5.2534 1.6000
102.8450 -5.2534 1.6000
104.1780 -2.7534 1.6000
97.5102 -5.2534 1.6000
137.7330 -8.7534 1.6000
110.3640 -9.7534 1.6000
123.4990 -6.2534 1.6000
122.1670 -2.7534 1.6000
127.3520 -9.7534 1.6000
105.0810 -5.2534 1.6000
136.3730 -1.7534 1.6000
133.6800 -5.2534 1.6000
133.7260 -8.7534 1.6000
124.4670 -6.2534 1.6000
122.2170 -0.7534 1.6000
129.3080 -9.7534 1.6000
119.6530 -9.7534 1.6000
134.9470 -5.2534 1.6000
110.4640 -2.7534 1.6000
117.9620 -6.2534 1.6000
130.0550 -1.7534 1.6000
145.7170 -8.7534 1.6000
112.1970 -0.7534 1.6000
96.4541 -8.7534 1.6000
142.3160 -5.2534 1.6000
94.7953 -5.2534 1.6000
130.0260 -9.7534 1.6000
113.8860 -9.7534 1.6000
138.7990 -1.7534 1.6000
124.2140 -2.7534 1.6000
94.4689 -8.7534 1.6000
138.9870 -1.7534 1.6000
146.6740 -1.7534 1.6000
105.4980 -8.7534 1.6000
93.9302 -8.7534 1.6000
106.2940 -5.2534 1.6000
131.5080 -7.7534 1.6000
108.2190 -8.7534 1.6000
144.3300 -1.7534 1.6000
124.0740 -9.7534 1.6000
146.3260 -8.7534 1.6000
131.8180 -8.7534 1.6000
116.2980 -2.7534 1.6000
111.5070 -9.7534 1.6000
123.7310 -4.2534 1.6000
141.8730 -8.7534 1.6000
120.3460 -8.7534 1.6000
136.8100 -1.7534 1.6000
133.2320 -9.7534 1.6000
113.3460 -8.7534 1.6000
94.0083 -8.7534 1.6000
123.8900 -2.7534 1.6000
102.7230 -8.7534 1.6000
142.7660 -8.7534 1.6000
93.8409 -1.7534 1.6000
102.9090 -8.7534 1.6000
140.6290 -1.7534 1.6000
94.7344 -5.2534 1.6000
129.2040 -2.7534 1.6000
142.9580 -5.2534 1.6000
118.3410 -9.7534 1.6000
92.5314 -8.7534 1.6000
100.6490 -1.7534 1.6000
139.4980 -0.7534 1.6000
128.0630 -4.2534 1.6000
146.3440 -8.7534 1.6000
129.9010 -8.7534 1.6000
102.2010 -5.2534 1.6000
135.2200 -5.2534 1.6000
118.1320 -6.2534 1.6000
114.2140 -9.7534 1.6000
130.8880 -6.2534 1.6000
118.6330 -2.7534 1.6000
109.7140 -8.7534 1.6000
117.7090 -9.7534 1.6000
108.0170 -1.7534 1.6000
144.0070 -5.2534 1.6000
125.0260 -2.7534 1.6000
138.4060 -8.7534 1.6000
101.6110 -7.7534 1.6000
109.2360 -2.7534 1.6000
100.6450 -6.2534 1.6000
147.1200 -5.2534 1.6000
109.5120 -2.7534 1.6000
102.5120 -2.7534 1.6000
116.7820 -0.7534 1.6000
133.4120 -1.7534 1.6000
143.5340 -5.2534 1.6000
139.0540 -7.7534 1.6000
95.0051 -8.7534 1.6000
142.7110 -5.2534 1.6000
110.3230 -8.7534 1.6000
134.5500 -8.7534 1.6000
117.9270 -2.7534 1.6000
140.2690 -8.7534 1.6000
122.5760 -2.7534 1.6000
93.5129 -1.7534 1.6000
105.1430 -5.2534 1.6000
128.9970 -5.2534 1.6000
99.0802 -5.2534 1.6000
98.2894 -8.7534 1.6000
137.0320 -8.7534 1.6000
146.8380 -8.7534 1.6000
103.7200 -2.7534 1.6000
144.8760 -5.2534 1.6000
119.3800 -9.7534 1.6000
119.8620 -7.7534 1.6000
108.6130 -2.7534 1.6000
119.8410 -4.2534 1.6000
112.8620 -7.7534 1.6000
105.2230 -1.7534 1.6000
104.8960 -5.2534 1.6000
99.0930 -8.7534 1.6000
131.5680 -2.7534 1.6000
143.0580 -1.7534 1.6000
101.8790 -8.7534 1.6000
97.4330 -5.2534 1.6000
117.2740 -0.7534 1.6000
96.9775 -8.7534 1.6000
128.2420 -9.7534 1.6000
103.9780 -8.7534 1.6000
144.5950 -8.7534 1.6000
103.9790 -1.7534 1.6000
92.8254 -1.7534 1.6000
145.0330 -1.7534 1.6000
119.1810 -2.7534 1.6000
93.0570 -5.2534 1.6000
103.6850 -8.7534 1.6000
102.7270 -2.7534 1.6000
117.5500 -9.7534 1.6000
119.0390 -9.7534 1.6000
113.7160 -6.2534 1.6000
103.1250 -2.7534 1.6000
126.0390 -9.7534 1.6000
114.4210 -4.2534 1.6000
142.0310 -1.7534 1.6000
140.3230 -8.7534 1.6000
102.1100 -8.7534 1.6000
96.2067 -5.2534 1.6000
129.8070 -7.7534 1.6000
101.6030 -8.7534 1.6000
132.7560 -5.2534 1.6000
111.8120 -9.7534 1.6000
138.1090 -5.2534 1.6000
123.8440 -8.7534 1.6000
106.2130 -8.7534 1.6000
105.3540 -1.7534 1.6000
97.1435 -8.7534 1.6000
103.6770 -4.2534 1.6000
137.8430 -1.7534 1.6000
96.6969 -5.2534 1.6000
128.0960 -1.7534 1.6000
117.8690 -9.7534 1.6000
143.4220 -9.7534 1.6000
145.8200 -8.7534 1.6000
133.6290 -4.2534 1.6000
103.7270 -5.2534 1.6000
97.3172 -1.7534 1.6000
132.1500 -8.7534 1.6000
109.4020 -8.7534 1.6000
103.2300 -1.7534 1.6000
130.7000 -4.2534 1.6000
109.1680 -2.7534 1.6000
142.3730 -8.7534 1.6000
136.0050 -5.2534 1.6000
119.0680 -9.7534 1.6000
141.5430 -1.7534 1.6000
95.7896 -4.2534 1.6000
92.4292 -7.7534 1.6000
129.3080 -2.7534 1.6000
137.8960 -8.7534 1.6000
135.2350 -5.2534 1.6000
102.1540 -8.7534 1.6000
146.7400 -4.2534 1.6000
127.8210 -9.7534 1.6000
100.3420 -7.7534 1.6000
128.5850 -6.2534 1.6000
118.2140 -2.7534 1.6000
117.1460 -1.7534 1.6000
121.8700 -6.2534 1.6000
128.9000 -9.7534 1.6000
137.7600 -8.7534 1.6000
141.1150 -1.7534 1.6000
133.7640 -5.2534 1.6000
109.3730 -9.7534 1.6000
118.0330 -9.7534 1.6000
107.4240 -8.7534 1.6000
142.8680 -8.7534 1.6000
130.0210 -7.7534 1.6000
116.1380 -2.7534 1.6000
93.8436 -5.2534 1.6000
134.8260 -8.7534 1.6000
99.9124 -1.7534 1.6000
122.1860 -6.2534 1.6000
119.1390 -6.2534 1.6000
95.7843 -0.7534 1.6000
132.3960 -5.2534 1.6000
145.1480 -8.7534 1.6000
122.8000 -6.2534 1.6000
133.3630 -8.7534 1.6000
141.5290 -5.2534 1.6000
102.4710 -8.7534 1.6000
128.5060 -9.7534 1.6000
143.2650 -0.7534 1.6000
97.4582 -5.2534 1.6000
116.2670 -1.7534 1.6000
125.4530 -2.7534 1.6000
99.5645 -8.7534 1.6000
104.3290 -7.7534 1.6000
140.2950 -5.2534 1.6000
146.6170 -1.7534 1.6000
145.9520 -8.7534 1.6000
131.9520 -8.7534 1.6000
120.3720 -6.2534 1.6000
119.0130 -2.7534 1.6000
99.7502 -8.7534 1.6000
113.9100 -9.7534 1.6000
96.8443 -1.7534 1.6000
123.9480 -9.7534 1.6000
138.1800 -8.7534 1.6000
141.8800 -1.7534 1.6000
106.4750 -1.7534 1.6000
111.4270 -2.7534 1.6000
115.9760 -7.7534 1.6000
130.9280 -8.7534 1.6000
137.9280 -8.7534 1.6000
116.4590 -2.7534 1.6000
139.5660 -8.7534 1.6000
108.8840 -6.2534 1.6000
104.3060 -2.7534 1.6000
137.6100 -1.7534 1.6000
128.6710 -9.7534 1.6000
120.1310 -4.2534 1.6000
103.6330 -7.7534 1.6000
117.1810 -9.7534 1.6000
127.9130 -2.7534 1.6000
142.8530 -8.7534 1.6000
94.4476 -1.7534 1.6000
99.6717 -9.7534 1.6000
121.4100 -2.7534 1.6000
125.1870 -9.7534 1.6000
104.8510 -1.7534 1.6000
110.0680 -2.7534 1.6000
115.5920 -6.2534 1.6000
121.3640 -9.7534 1.6000
146.2870 -5.2534 1.6000
111.9440 -9.7534 1.6000
131.8880 -2.7534 1.6000
131.8230 -8.7534 1.6000
96.7318 -5.2534 1.6000
145.7090 -1.7534 1.6000
123.7750 -6.2534 1.6000
122.9820 -2.7534 1.6000
147.2830 -5.2534 1.6000
102.3740 -1.7534 1.6000
112.5330 -6.2534 1.6000
119.5330 -6.2534 1.6000
145.0810 -8.7534 1.6000
94.2877 -8.7534 1.6000
139.6370 -1.7534 1.6000
99.3284 -5.2534 1.6000
141.7100 -9.7534 1.6000
118.1640 -9.7534 1.6000
133.5920 -6.2534 1.6000
143.4130 -5.2534 1.6000
136.6270 -8.7534 1.6000
115.5330 -9.7534 1.6000
125.7020 -9.7534 1.6000
138.4230 -5.2534 1.6000
135.7850 -8.7534 1.6000
109.2400 -6.2534 1.6000
131.2650 -2.7534 1.6000
113.7720 -9.7534 1.6000
125.6700 -9.7534 1.6000
114.7800 -9.7534 1.6000
115.4640 -6.2534 1.6000
108.4260 -8.7534 1.6000
129.3950 -1.7534 1.6000
141.1200 -8.7534 1.6000
95.8229 -5.2534 1.6000
128.4750 -7.7534 1.6000
135.4750 -7.7534 1.6000
113.0490 -2.7534 1.6000
113.2090 -9.7534 1.6000
106.9180 -6.2534 1.6000
92.6459 -5.2534 1.6000
135.3850 -2.7534 1.6000
117.7910 -6.2534 1.6000
126.5960 -6.2534 1.6000
100.9480 -7.7534 1.6000
148.1810 -7.7534 1.6000
145.5510 -1.7534 1.6000
118.7920 -4.2534 1.6000
142.3750 -4.2534 1.6000
131.4940 -4.2534 1.6000
134.7240 -9.7534 1.6000
111.5660 -8.7534 1.6000
124.3560 -7.7534 1.6000
119.4520 -0.7534 1.6000
114.5050 -9.7534 1.6000
129.7970 -8.7534 1.6000
127.6120 -6.2534 1.6000
121.6670 -9.7534 1.6000
93.4031 -5.2534 1.6000
105.2750 -5.2534 1.6000
134.0430 -8.7534 1.6000
122.6330 -9.7534 1.6000
135.9470 -2.7534 1.6000
143.9670 -8.7534 1.6000
91.9618 -9.7534 1.6000
137.1120 -4.2534 1.6000
93.1031 -8.7534 1.6000
138.5400 -7.7534 1.6000
108.6810 -8.7534 1.6000
125.8580 -6.2534 1.6000
99.9738 -8.7534 1.6000
142.0140 -5.2534 1.6000
131.9590 -8.7534 1.6000
102.4380 -1.7534 1.6000
134.1750 -5.2534 1.6000
119.8910 -9.7534 1.6000
95.4311 -8.7534 1.6000
141.3000 -8.7534 1.6000
108.5580 -2.7534 1.6000
128.4130 -6.2534 1.6000
100.5580 -5.2534 1.6000
128.7020 -6.2534 1.6000
99.1389 -1.7534 1.6000
110.0990 -9.7534 1.6000
101.6140 -5.2534 1.6000
114.3860 -2.7534 1.6000
107.6040 -1.7534 1.6000
143.7990 -8.7534 1.6000
136.5150 -2.7534 1.6000
145.3490 -8.7534 1.6000
105.2820 -1.7534 1.6000
124.8830 -9.7534 1.6000
96.0283 -8.7534 1.6000
101.3850 -2.7534 1.6000
121.8160 -6.2534 1.6000
139.8020 -8.7534 1.6000
116.4080 -9.7534 1.6000
144.2560 -1.7534 1.6000
132.7140 -8.7534 1.6000
121.2140 -9.7534 1.6000
128.2140 -9.7534 1.6000
131.1620 -8.7534 1.6000
110.3110 -9.7534 1.6000
147.3700 -1.7534 1.6000
128.4670 -6.2534 1.6000
105.2280 -1.7534 1.6000
126.5590 -2.7534 1.6000
143.7910 -8.7534 1.6000
92.9745 -8.7534 1.6000
137.8320 -7.7534 1.6000
108.8410 -9.7534 1.6000
137.5480 -2.7534 1.6000
101.3670 -5.2534 1.6000
122.7810 -9.7534 1.6000
108.7040 -2.7534 1.6000
117.0930 -6.2534 1.6000
142.8880 -5.2534 1.6000
136.7530 -7.7534 1.6000
111.1840 -6.2534 1.6000
99.3459 -5.2534 1.6000
112.9350 -9.7534 1.6000
106.4090 -1.7534 1.6000
95.1659 -8.7534 1.6000
136.4560 -8.7534 1.6000
99.4090 -1.7534 1.6000
131.7180 -6.2534 1.6000
115.4150 -9.7534 1.6000
104.5100 -1.7534 1.6000
97.8024 -8.7534 1.6000
120.1130 -0.7534 1.6000
127.1200 -6.2534 1.6000
102.5890 -9.7534 1.6000
136.3180 -7.7534 1.6000
142.5830 -5.2534 1.6000
109.3230 -8.7534 1.6000
135.5830 -5.2534 1.6000
129.1920 -9.7534 1.6000
131.7310 -8.7534 1.6000
120.7160 -9.7534 1.6000
138.7310 -8.7534 1.6000
102.7020 -8.7534 1.6000
124.6010 -9.7534 1.6000
138.2790 -8.7534 1.6000
117.5090 -6.2534 1.6000
110.5090 -6.2534 1.6000
123.7830 -2.7534 1.6000
138.1560 -7.7534 1.6000
103.6740 -5.2534 1.6000
128.9390 -7.7534 1.6000
129.7920 -6.2534 1.6000
99.1661 -8.7534 1.6000
106.1660 -8.7534 1.6000
116.7220 -9.7534 1.6000
139.4090 -1.7534 1.6000
101.6590 -8.7534 1.6000
94.3059 -8.7534 1.6000
136.3670 -8.7534 1.6000
103.0560 -4.2534 1.6000
92.9990 -8.7534 1.6000
138.8340 -1.7534 1.6000
147.4800 -1.7534 1.6000
99.5298 -1.7534 1.6000
137.2450 -5.2534 1.6000
136.6080 -8.7534 1.6000
123.6510 -9.7534 1.6000
100.1970 -5.2534 1.6000
132.1130 -8.7534 1.6000
144.3440 -8.7534 1.6000
99.9270 -8.7534 1.6000
146.8870 -5.2534 1.6000
113.0720 -2.7534 1.6000
98.9637 -9.7534 1.6000
105.9120 -2.7534 1.6000
105.8210 -6.2534 1.6000
124.6730 -9.7534 1.6000
118.0690 -2.7534 1.6000
110.4940 -8.7534 1.6000
131.7880 -6.2534 1.6000
106.3140 -0.7534 1.6000
98.6800 -8.7534 1.6000
141.9700 -5.2534 1.6000
96.3786 -0.7534 1.6000
110.0490 -8.7534 1.6000
111.1290 -1.7534 1.6000
138.1120 -5.2534 1.6000
121.1960 -9.7534 1.6000
92.9182 -5.2534 1.6000
140.5930 -5.2534 1.6000
114.1960 -9.7534 1.6000
130.2110 -1.7534 1.6000
140.5910 -8.7534 1.6000
106.4530 -6.2534 1.6000
135.9670 -5.2534 1.6000
109.9040 -6.2534 1.6000
87.5676 -5.2534 1.6000
113.6190 -9.7534 1.6000
146.8430 -8.7534 1.6000
119.1910 -2.7534 1.6000
104.9750 -8.7534 1.6000
95.7806 -8.7534 1.6000
128.2210 -4.2534 1.6000
132.7230 -6.2534 1.6000
143.8060 -1.7534 1.6000
139.7090 -8.7534 1.6000
132.7090 -8.7534 1.6000
135.8060 -2.7534 1.6000
108.0970 -6.2534 1.6000
131.9570 -8.7534 1.6000
124.4660 -2.7534 1.6000
141.9740 -8.7534 1.6000
130.5340 -0.7534 1.6000
128.9630 -4.2534 1.6000
135.9630 -4.2534 1.6000
145.6150 -5.2534 1.6000
130.6420 -8.7534 1.6000
116.0220 -9.7534 1.6000
139.4160 -8.7534 1.6000
118.0070 -9.7534 1.6000
106.8390 -6.2534 1.6000
100.6490 -1.7534 1.6000
139.0810 -5.2534 1.6000
125.0500 -9.7534 1.6000
96.3908 -8.7534 1.6000
118.7020 -6.2534 1.6000
110.1790 -9.7534 1.6000
146.8470 -8.7534 1.6000
123.7650 -9.7534 1.6000
130.7650 -9.7534 1.6000
111.8560 -9.7534 1.6000
130.1940 -9.7534 1.6000
136.0740 -5.2534 1.6000
134.6940 -8.7534 1.6000
109.4770 -2.7534 1.6000
113.9480 -2.7534 1.6000
98.2365 -5.2534 1.6000
100.6440 -7.7534 1.6000
112.3710 -6.2534 1.6000
137.0890 -8.7534 1.6000
113.4040 -4.2534 1.6000
127.5210 -2.7534 1.6000
140.4270 -1.7534 1.6000
126.0990 -9.7534 1.6000
113.5450 -2.7534 1.6000
128.8280 -6.2534 1.6000
143.9910 -8.7534 1.6000
123.6380 -9.7534 1.6000
115.9040 -2.7534 1.6000
145.5250 -8.7534 1.6000
107.4920 -2.7534 1.6000
103.8470 -1.7534 1.6000
94.5970 -8.7534 1.6000
140.9480 -8.7534 1.6000
117.3960 -6.2534 1.6000
123.6860 -2.7534 1.6000
110.1370 -9.7534 1.6000
103.5360 -8.7534 1.6000
126.1710 -6.2534 1.6000
123.8310 -4.2534 1.6000
118.5650 -2.7534 1.6000
130.5010 -9.7534 1.6000
92.6536 -5.2534 1.6000
133.5600 -4.2534 1.6000
94.2030 -1.7534 1.6000
134.4780 -7.7534 1.6000
103.8990 -1.7534 1.6000
145.4760 -8.7534 1.6000
107.8660 -8.7534 1.6000
131.4760 -8.7534 1.6000
96.4105 -8.7534 1.6000
113.9540 -2.7534 1.6000
103.4560 -8.7534 1.6000
111.0130 -9.7534 1.6000
144.9980 -5.2534 1.6000
125.0990 -2.7534 1.6000
102.2460 -7.7534 1.6000
142.3620 -1.7534 1.6000
130.8320 -9.7534 1.6000
147.2460 -1.7534 1.6000
142.6510 -5.2534 1.6000
120.4830 -6.2534 1.6000
127.4830 -6.2534 1.6000
123.8890 -6.2534 1.6000
126.1180 -9.7534 1.6000
109.3570 -9.7534 1.6000
96.5389 -8.7534 1.6000
144.9740 -1.7534 1.6000
110.3700 -8.7534 1.6000
138.7520 -0.7534 1.6000
136.4250 -4.2534 1.6000
132.1340 -2.7534 1.6000
125.0920 -4.2534 1.6000
113.1200 -6.2534 1.6000
96.6953 -8.7534 1.6000
145.8700 -1.7534 1.6000
106.9320 -6.2534 1.6000
133.6980 -7.7534 1.6000
134.9080 -2.7534 1.6000
146.0100 -6.2534 1.6000
144.6760 -8.7534 1.6000
138.4040 -0.7534 1.6000
112.9720 -6.2534 1.6000
114.4500 -9.7534 1.6000
104.3640 -1.7534 1.6000
125.1350 -2.7534 1.6000
109.2270 -6.2534 1.6000
135.0720 -1.7534 1.6000
132.4610 -8.7534 1.6000
113.3510 -9.7534 1.6000
140.7220 -5.2534 1.6000
143.3220 -1.7534 1.6000
102.1380 -8.7534 1.6000
142.4540 -5.2534 1.6000
102.3050 -5.2534 1.6000
111.1870 -2.7534 1.6000
121.4650 -6.2534 1.6000
137.3470 -8.7534 1.6000
106.8080 -6.2534 1.6000
143.4380 -1.7534 1.6000
101.3870 -8.7534 1.6000
111.8250 -4.2534 1.6000
133.2030 -6.2534 1.6000
126.2890 -4.2534 1.6000
114.7450 -4.2534 1.6000
142.4230 -1.7534 1.6000
118.1940 -7.7534 1.6000
133.1110 -5.2534 1.6000
105.0860 -2.7534 1.6000
117.5970 -6.2534 1.6000
139.5510 -8.7534 1.6000
136.5320 -2.7534 1.6000
122.2790 -6.2534 1.6000
97.1352 -5.2534 1.6000
114.9840 -8.7534 1.6000
92.6438 -5.2534 1.6000
96.2561 -8.7534 1.6000
101.5290 -5.2534 1.6000
106.4260 -2.7534 1.6000
114.6290 -2.7534 1.6000
111.4920 -9.7534 1.6000
130.1520 -6.2534 1.6000
127.8300 -9.7534 1.6000
103.7040 -8.7534 1.6000
96.8974 -1.7534 1.6000
123.4380 -1.7534 1.6000
112.8470 -2.7534 1.6000
108.5530 -8.7534 1.6000
122.8430 -9.7534 1.6000
110.9770 -6.2534 1.6000
132.8320 -2.7534 1.6000
109.9130 -5.2534 1.6000
130.9790 -1.7534 1.6000
124.6690 -4.2534 1.6000
109.1070 -2.7534 1.6000
97.4851 -8.7534 1.6000
108.7210 -6.2534 1.6000
108.4670 -8.7534 1.6000
141.3980 -5.2534 1.6000
131.1980 -8.7534 1.6000
129.5910 -6.2534 1.6000
119.7390 -2.7534 1.6000
107.9550 -6.2534 1.6000
137.3400 -1.7534 1.6000
132.4440 -5.2534 1.6000
131.1990 -9.7534 1.6000
144.9730 -5.2534 1.6000
109.0180 -2.7534 1.6000
107.6070 -8.7534 1.6000
126.1500 -7.7534 1.6000
134.2440 -6.2534 1.6000
142.9180 -8.7534 1.6000
101.2890 -1.7534 1.6000
112.7210 -9.7534 1.6000
119.7210 -9.7534 1.6000
130.9650 -8.7534 1.6000
121.2560 -6.2534 1.6000
132.3690 -6.2534 1.6000
138.3530 -1.7534 1.6000
102.9220 -2.7534 1.6000
113.8150 -9.7534 1.6000
87.5923 -5.2534 1.6000
136.2390 -5.2534 1.6000
98.8012 -5.2534 1.6000
122.7640 -6.2534 1.6000
102.4400 -8.7534 1.6000
109.6380 -8.7534 1.6000
110.5020 -8.7534 1.6000
103.5020 -8.7534 1.6000
142.6900 -8.7534 1.6000
132.6340 -5.2534 1.6000
113.0970 -6.2534 1.6000
104.7890 -8.7534 1.6000
122.5750 -4.2534 1.6000
139.8420 -8.7534 1.6000
126.6180 -2.7534 1.6000
95.8099 -5.2534 1.6000
112.4560 -6.2534 1.6000
114.7590 -9.7534 1.6000
122.3250 -2.7534 1.6000
113.5460 -7.7534 1.6000
106.5460 -7.7534 1.6000
111.3010 -4.2534 1.6000
117.2060 -2.7534 1.6000
112.0630 -4.2534 1.6000
129.8900 -8.7534 1.6000
139.5580 -1.7534 1.6000
146.4790 -1.7534 1.6000
143.3910 -5.2534 1.6000
145.3540 -8.7534 1.6000
131.7120 -7.7534 1.6000
124.5470 -6.2534 1.6000
110.5290 -1.7534 1.6000
107.1530 -8.7534 1.6000
141.3370 -8.7534 1.6000
124.9050 -9.7534 1.6000
140.2750 -5.2534 1.6000
128.1130 -2.7534 1.6000
110.2520 -9.7534 1.6000
104.8820 -8.7534 1.6000
112.7730 -6.2534 1.6000
139.0670 -1.7534 1.6000
116.9530 -9.7534 1.6000
99.5864 -5.2534 1.6000
94.0295 -1.7534 1.6000
113.8830 -6.2534 1.6000
116.5170 -9.7534 1.6000
136.1150 -1.7534 1.6000
127.4650 -4.2534 1.6000
98.5498 -8.7534 1.6000
125.2250 -7.7534 1.6000
143.7400 -0.7534 1.6000
133.7690 -4.2534 1.6000
99.4544 -8.7534 1.6000
126.5910 -6.2534 1.6000
94.2429 -8.7534 1.6000
109.8020 -9.7534 1.6000
132.5860 -6.2534 1.6000
112.9370 -4.2534 1.6000
127.1880 -2.7534 1.6000
133.3880 -4.2534 1.6000
134.1880 -2.7534 1.6000
106.6380 -8.7534 1.6000
96.5516 -5.2534 1.6000
120.3680 -2.7534 1.6000
104.9390 -8.7534 1.6000
107.4230 -6.2534 1.6000
132.6740 -2.7534 1.6000
139.2880 -5.2534 1.6000
107.8000 -8.7534 1.6000
125.3680 -2.7534 1.6000
116.0160 -8.7534 1.6000
129.7090 -8.7534 1.6000
143.1160 -8.7534 1.6000
123.4560 -6.2534 1.6000
96.4435 -8.7534 1.6000
108.8840 -4.2534 1.6000
124.3250 -7.7534 1.6000
135.0340 -5.2534 1.6000
147.3640 -9.7534 1.6000
125.8800 -6.2534 1.6000
95.1828 -5.2534 1.6000
95.0929 -8.7534 1.6000
116.1040 -2.7534 1.6000
99.3382 -8.7534 1.6000
108.6810 -8.7534 1.6000
97.1960 -5.2534 1.6000
143.6830 -5.2534 1.6000
127.0890 -2.7534 1.6000
128.4230 -9.7534 1.6000
141.9570 -8.7534 1.6000
108.5410 -8.7534 1.6000
147.0860 -5.2534 1.6000
131.5420 -0.7534 1.6000
113.0410 -9.7534 1.6000
95.4545 -5.2534 1.6000
141.9630 -8.7534 1.6000
131.4310 -1.7534 1.6000
121.8010 -0.7534 1.6000
118.4910 -2.7534 1.6000
133.9190 -8.7534 1.6000
124.9430 -9.7534 1.6000
110.4140 -8.7534 1.6000
110.0450 -9.7534 1.6000
143.5960 -1.7534 1.6000
122.9670 -2.7534 1.6000
124.8340 -6.2534 1.6000
131.1130 -2.7534 1.6000
105.2860 -8.7534 1.6000
144.3360 -8.7534 1.6000
128.6940 -9.7534 1.6000
130.6070 -8.7534 1.6000
140.1950 -5.2534 1.6000
122.5860 -9.7534 1.6000
104.5090 -8.7534 1.6000
110.6450 -8.7534 1.6000
100.3140 -5.2534 1.6000
104.7430 -2.7534 1.6000
114.9330 -2.7534 1.6000
97.0287 -5.2534 1.6000
97.9136 -1.7534 1.6000
136.8520 -2.7534 1.6000
92.9930 -8.7534 1.6000
100.5850 -1.7534 1.6000
145.8440 -5.2534 1.6000
124.9350 -7.7534 1.6000
115.9330 -7.7534 1.6000
103.5830 -4.2534 1.6000
128.4410 -9.7534 1.6000
107.4600 -1.7534 1.6000
98.1855 -8.7534 1.6000
137.7800 -1.7534 1.6000
98.7743 -5.2534 1.6000
133.0060 -2.7534 1.6000
142.3420 -8.7534 1.6000
100.6620 -1.7534 1.6000
133.3350 -6.2534 1.6000
128.0490 -9.7534 1.6000
121.0490 -9.7534 1.6000
96.2284 -8.7534 1.6000
129.5470 -5.2534 1.6000
88.5894 -5.2534 1.6000
102.6380 -7.7534 1.6000
138.8420 -8.7534 1.6000
96.0205 -5.2534 1.6000
113.7110 -2.7534 1.6000
133.2580 -6.2534 1.6000
137.0980 -5.2534 1.6000
103.6670 -1.7534 1.6000
108.9270 -8.7534 1.6000
121.4440 -4.2534 1.6000
144.6680 -1.7534 1.6000
129.2410 -9.7534 1.6000
122.2410 -9.7534 1.6000
134.5690 -5.2534 1.6000
98.8300 -1.7534 1.6000
98.5995 -8.7534 1.6000
106.9840 -8.7534 1.6000
133.1500 -8.7534 1.6000
102.1100 -1.7534 1.6000
142.1170 -4.2534 1.6000
109.9630 -4.2534 1.6000
106.6100 -2.7534 1.6000
124.6470 -2.7534 1.6000
118.2650 -8.7534 1.6000
136.2040 -1.7534 1.6000
147.0290 -8.7534 1.6000
132.3070 -1.7534 1.6000
125.3100 -9.7534 1.6000
132.8710 -8.7534 1.6000
106.9100 -4.2534 1.6000
110.0740 -2.7534 1.6000
122.5160 -6.2534 1.6000
117.3630 -2.7534 1.6000
97.4201 -5.2534 1.6000
116.6670 -9.7534 1.6000
108.0990 -5.2534 1.6000
108.2150 -2.7534 1.6000
143.9170 -8.7534 1.6000
127.7150 -6.2534 1.6000
132.1570 -8.7534 1.6000
129.6490 -2.7534 1.6000
100.8120 -5.2534 1.6000
100.2140 -8.7534 1.6000
128.7850 -7.7534 1.6000
95.5779 -5.2534 1.6000
100.6980 -1.7534 1.6000
140.0360 -1.7534 1.6000
109.8480 -6.2534 1.6000
121.8120 -9.7534 1.6000
114.0020 -2.7534 1.6000
121.7560 -9.7534 1.6000
145.9900 -1.7534 1.6000
135.8140 -8.7534 1.6000
112.3730 -6.2534 1.6000
116.2110 -2.7534 1.6000
94.9335 -8.7534 1.6000
104.1050 -8.7534 1.6000
134.3390 -5.2534 1.6000
130.1220 -8.7534 1.6000
133.3900 -6.2534 1.6000
102.8560 -1.7534 1.6000
143.4450 -8.7534 1.6000
93.0917 -5.2534 1.6000
93.2364 -8.7534 1.6000
125.2710 -9.7534 1.6000
105.0640 -8.7534 1.6000
128.2760 -6.2534 1.6000
135.9180 -8.7534 1.6000
118.8640 -9.7534 1.6000
93.4820 -5.2534 1.6000
139.3770 -8.7534 1.6000
137.0910 -1.7534 1.6000
140.2620 -5.2534 1.6000
122.2680 -1.7534 1.6000
139.3070 -5.2534 1.6000
126.4740 -6.2534 1.6000
129.3540 -9.7534 1.6000
145.4090 -8.7534 1.6000
122.4610 -4.2534 1.6000
147.1070 -8.7534 1.6000
116.8520 -1.7534 1.6000
109.5340 -9.7534 1.6000
107.0560 -5.2534 1.6000
100.2570 -8.7534 1.6000
96.5297 -1.7534 1.6000
118.0880 -9.7534 1.6000
132.6350 -5.2534 1.6000
122.3210 -2.7534 1.6000
142.2380 -8.7534 1.6000
106.0090 -5.2534 1.6000
145.4610 -8.7534 1.6000
105.3420 -7.7534 1.6000
128.7850 -9.7534 1.6000
94.6608 -9.7534 1.6000
131.6000 -6.2534 1.6000
137.3520 -1.7534 1.6000
106.4580 -1.7534 1.6000
144.2740 -8.7534 1.6000
143.4990 -8.7534 1.6000
127.5480 -2.7534 1.6000
94.9343 -1.7534 1.6000
108.2750 -2.7534 1.6000
121.5750 -6.2534 1.6000
143.9360 -1.7534 1.6000
113.0340 -9.7534 1.6000
134.2860 -2.7534 1.6000
138.2320 -8.7534 1.6000
114.0720 -7.7534 1.6000
108.8670 -4.2534 1.6000
104.3690 -7.7534 1.6000
110.1170 -9.7534 1.6000
98.8892 -1.7534 1.6000
105.4910 -8.7534 1.6000
129.0170 -9.7534 1.6000
128.0540 -9.7534 1.6000
121.0540 -9.7534 1.6000
111.5030 -6.2534 1.6000
135.6290 -1.7534 1.6000
99.3792 -8.7534 1.6000
102.4410 -5.2534 1.6000
118.8530 -9.7534 1.6000
121.1880 -2.7534 1.6000
107.4100 -2.7534 1.6000
109.0820 -9.7534 1.6000
128.2060 -9.7534 1.6000
100.3900 -5.2534 1.6000
124.1920 -9.7534 1.6000
132.6830 -1.7534 1.6000
112.2310 -9.7534 1.6000
137.2780 -8.7534 1.6000
131.6930 -2.7534 1.6000
96.5636 -8.7534 1.6000
132.4160 -5.2534 1.6000
141.9120 -1.7534 1.6000
119.8360 -4.2534 1.6000
112.0480 -7.7534 1.6000
95.8647 -5.2534 1.6000
131.4890 -5.2534 1.6000
107.4700 -6.2534 1.6000
114.0310 -9.7534 1.6000
131.2190 -2.7534 1.6000
138.2140 -8.7534 1.6000
94.8501 -1.7534 1.6000
140.5070 -8.7534 1.6000
93.5230 -8.7534 1.6000
101.2060 -5.2534 1.6000
126.8770 -6.2534 1.6000
121.1440 -9.7534 1.6000
96.4059 -5.2534 1.6000
139.6230 -8.7534 1.6000
111.3760 -2.7534 1.6000
133.5270 -6.2534 1.6000
142.4330 -5.2534 1.6000
128.4120 -9.7534 1.6000
100.4960 -8.7534 1.6000
94.0022 -5.2534 1.6000
93.4957 -8.7534 1.6000
130.6480 -4.2534 1.6000
130.4530 -2.7534 1.6000
105.8600 -7.7534 1.6000
110.6530 -4.2534 1.6000
126.8880 -9.7534 1.6000
127.3930 -6.2534 1.6000
130.8000 -8.7534 1.6000
146.2220 -5.2534 1.6000
96.3767 -5.2534 1.6000
99.6587 -1.7534 1.6000
123.2930 -9.7534 1.6000
130.2930 -9.7534 1.6000
103.9390 -8.7534 1.6000
112.9430 -2.7534 1.6000
127.0420 -9.7534 1.6000
102.8830 -7.7534 1.6000
105.9430 -2.7534 1.6000
127.7570 -9.7534 1.6000
140.8240 -5.2534 1.6000
132.6990 -5.2534 1.6000
147.4280 -8.7534 1.6000
104.3830 -9.7534 1.6000
143.2180 -0.7534 1.6000
96.3379 -1.7534 1.6000
148.1770 -7.7534 1.6000
141.6910 -6.2534 1.6000
119.9680 -2.7534 1.6000
110.3970 -7.7534 1.6000
140.8420 -9.7534 1.6000
131.1340 -1.7534 1.6000
102.6270 -5.2534 1.6000
136.9150 -5.2534 1.6000
118.8250 -7.7534 1.6000
138.6450 -8.7534 1.6000
120.6840 -7.7534 1.6000
131.1130 -8.7534 1.6000
93.8507 -8.7534 1.6000
106.9310 -6.2534 1.6000
99.6312 -5.2534 1.6000
143.4340 -1.7534 1.6000
118.5280 -2.7534 1.6000
93.7828 -8.7534 1.6000
129.1690 -0.7534 1.6000
100.7830 -8.7534 1.6000
144.6080 -8.7534 1.6000
106.2450 -8.7534 1.6000
129.9690 -6.2534 1.6000
137.7720 -5.2534 1.6000
128.5000 -9.7534 1.6000
141.3960 -1.7534 1.6000
106.6280 -9.7534 1.6000
110.9930 -2.7534 1.6000
95.3783 -1.7534 1.6000
116.5430 -0.7534 1.6000
104.0220 -2.7534 1.6000
144.4290 -8.7534 1.6000
97.9172 -8.7534 1.6000
126.5280 -9.7534 1.6000
109.6430 -6.2534 1.6000
95.7782 -8.7534 1.6000
114.9000 -9.7534 1.6000
111.6370 -8.7534 1.6000
138.2740 -5.2534 1.6000
109.0900 -2.7534 1.6000
132.2560 -7.7534 1.6000
129.8270 -8.7534 1.6000
96.7400 -6.2534 1.6000
105.5490 -7.7534 1.6000
97.3474 -1.7534 1.6000
99.6504 -6.2534 1.6000
110.3920 -8.7534 1.6000
94.8321 -5.2534 1.6000
102.1960 -1.7534 1.6000
137.1270 -8.7534 1.6000
102.4160 -8.7534 1.6000
98.7538 -1.7534 1.6000
138.6860 -5.2534 1.6000
147.0610 -1.7534 1.6000
132.1250 -8.7534 1.6000
100.8660 -5.2534 1.6000
122.9280 -9.7534 1.6000
101.8400 -8.7534 1.6000
99.4753 -1.7534 1.6000
140.1260 -5.2534 1.6000
121.1150 -9.7534 1.6000
125.2610 -2.7534 1.6000
94.4793 -8.7534 1.6000
108.8080 -9.7534 1.6000
146.5300 -7.7534 1.6000
127.0400 -6.2534 1.6000
143.6070 -5.2534 1.6000
142.6090 -8.7534 1.6000
119.6860 -9.7534 1.6000
141.8000 -8.7534 1.6000
115.8010 -4.2534 1.6000
111.7540 -2.7534 1.6000
102.2410 -7.7534 1.6000
102.8880 -2.7534 1.6000
135.9310 -7.7534 1.6000
101.7370 -8.7534 1.6000
128.8460 -2.7534 1.6000
109.6400 -0.7534 1.6000
145.6690 -1.7534 1.6000
137.3420 -4.2534 1.6000
105.8050 -5.2534 1.6000
128.7220 -6.2534 1.6000
134.2010 -2.7534 1.6000
128.9140 -9.7534 1.6000
105.7190 -9.7534 1.6000
106.9260 -8.7534 1.6000
116.1880 -6.2534 1.6000
126.6370 -2.7534 1.6000
97.8081 -8.7534 1.6000
135.8290 -2.7534 1.6000
124.7210 -9.7534 1.6000
98.0501 -5.2534 1.6000
105.2350 -2.7534 1.6000
147.4710 -8.7534 1.6000
131.8450 -2.7534 1.6000
119.1980 -6.2534 1.6000
139.4450 -8.7534 1.6000
126.1380 -5.2534 1.6000
101.1330 -8.7534 1.6000
147.1630 -2.7534 1.6000
97.7631 -1.7534 1.6000
92.1068 -8.7534 1.6000
129.6730 -2.7534 1.6000
111.2630 -8.7534 1.6000
117.1210 -6.2534 1.6000
145.0740 -5.2534 1.6000
134.7280 -7.7534 1.6000
105.5440 -8.7534 1.6000
113.1760 -9.7534 1.6000
107.0780 -2.7534 1.6000
113.5680 -9.7534 1.6000
149.9010 -8.7534 1.6000
96.5120 -5.2534 1.6000
113.1020 -2.7534 1.6000
143.8810 -8.7534 1.6000
97.8858 -1.7534 1.6000
96.1172 -5.2534 1.6000
118.6530 -9.7534 1.6000
118.8650 -6.2534 1.6000
125.6530 -9.7534 1.6000
143.4350 -0.7534 1.6000
145.8390 -1.7534 1.6000
102.3090 -8.7534 1.6000
109.3090 -8.7534 1.6000
133.2570 -5.2534 1.6000
146.6980 -8.7534 1.6000
124.3010 -9.7534 1.6000
101.1120 -8.7534 1.6000
130.5360 -8.7534 1.6000
121.1930 -2.7534 1.6000
147.3000 -9.7534 1.6000
114.0010 -6.2534 1.6000
148.5680 -4.2534 1.6000
144.2340 -5.2534 1.6000
144.8820 -1.7534 1.6000
109.3560 -2.7534 1.6000
108.9730 -8.7534 1.6000
99.3631 -8.7534 1.6000
141.4520 -9.7534 1.6000
128.4260 -0.7534 1.6000
146.0210 -5.2534 1.6000
139.4850 -5.2534 1.6000
132.4850 -5.2534 1.6000
117.8840 -0.7534 1.6000
143.3650 -7.7534 1.6000
114.7860 -1.7534 1.6000
128.1000 -2.7534 1.6000
112.1000 -8.7534 1.6000
149.2560 -6.2534 1.6000
106.8070 -8.7534 1.6000
141.7710 -2.7534 1.6000
98.4993 -5.2534 1.6000
107.2520 -5.2534 1.6000
97.9692 -1.7534 1.6000
109.7260 -8.7534 1.6000
106.9550 -6.2534 1.6000
137.9150 -5.2534 1.6000
99.8867 -7.7534 1.6000
141.4620 -1.7534 1.6000
135.1560 -5.2534 1.6000
93.6274 -8.7534 1.6000
137.7690 -2.7534 1.6000
111.5210 -9.7534 1.6000
136.9330 -7.7534 1.6000
95.3876 -1.7534 1.6000
100.2870 -1.7534 1.6000
144.3530 -1.7534 1.6000
138.9910 -8.7534 1.6000
101.3490 -8.7534 1.6000
128.9230 -8.7534 1.6000
113.6270 -9.7534 1.6000
122.5330 -2.7534 1.6000
98.1060 -1.7534 1.6000
104.1990 -8.7534 1.6000
123.1320 -2.7534 1.6000
105.7300 -5.2534 1.6000
124.5550 -6.2534 1.6000
131.4070 -8.7534 1.6000
101.0560 -1.7534 1.6000
93.7185 -1.7534 1.6000
140.4880 -8.7534 1.6000
102.3730 -1.7534 1.6000
137.8370 -8.7534 1.6000
114.4850 -8.7534 1.6000
114.7090 -5.2534 1.6000
123.4710 -6.2534 1.6000
130.3610 -2.7534 1.6000
95.6852 -5.2534 1.6000
139.1940 -8.7534 1.6000
99.9510 -1.7534 1.6000
147.4610 -1.7534 1.6000
130.7880 -5.2534 1.6000
113.4900 -6.2534 1.6000
100.3260 -8.7534 1.6000
111.4160 -6.2534 1.6000
98.2835 -5.2534 1.6000
99.9709 -1.7534 1.6000
137.1610 -1.7534 1.6000
110.5510 -6.2534 1.6000
122.7630 -4.2534 1.6000
137.0820 -5.2534 1.6000
120.2970 -9.7534 1.6000
93.9364 -1.7534 1.6000
144.0410 -8.7534 1.6000
103.6900 -5.2534 1.6000
145.8560 -1.7534 1.6000
101.3290 -7.7534 1.6000
125.1360 -6.2534 1.6000
140.6970 -8.7534 1.6000
122.5120 -9.7534 1.6000
110.5720 -7.7534 1.6000
98.1840 -8.7534 1.6000
144.4450 -8.7534 1.6000
103.1110 -2.7534 1.6000
123.5180 -6.2534 1.6000
136.9900 -8.7534 1.6000
96.2892 -9.7534 1.6000
147.4770 -1.7534 1.6000
94.4772 -5.2534 1.6000
139.0560 -8.7534 1.6000
130.5130 -8.7534 1.6000
93.2516 -5.2534 1.6000
142.9750 -0.7534 1.6000
121.6900 -9.7534 1.6000
111.9520 -9.7534 1.6000
124.7340 -4.2534 1.6000
94.3038 -1.7534 1.6000
141.9090 -1.7534 1.6000
134.9090 -1.7534 1.6000
122.3590 -9.7534 1.6000
125.6690 -2.7534 1.6000
115.1040 -9.7534 1.6000
116.1890 -2.7534 1.6000
113.5100 -6.2534 1.6000
143.5890 -1.7534 1.6000
93.8704 -9.7534 1.6000
135.9220 -8.7534 1.6000
108.9500 -7.7534 1.6000
129.5750 -2.7534 1.6000
102.4710 -8.7534 1.6000
143.5440 -8.7534 1.6000
135.8930 -4.2534 1.6000
137.6540 -0.7534 1.6000
143.8340 -8.7534 1.6000
110.2410 -2.7534 1.6000
127.2950 -2.7534 1.6000
109.0430 -6.2534 1.6000
145.5650 -8.7534 1.6000
96.5113 -1.7534 1.6000
138.0440 -7.7534 1.6000
147.3860 -5.2534 1.6000
129.0550 -4.2534 1.6000
132.3290 -2.7534 1.6000
104.3680 -4.2534 1.6000
94.6120 -9.7534 1.6000
99.8678 -5.2534 1.6000
138.3720 -0.7534 1.6000
124.6380 -2.7534 1.6000
128.2140 -6.2534 1.6000
96.6634 -8.7534 1.6000
128.7550 -8.7534 1.6000
101.6240 -8.7534 1.6000
136.1850 -2.7534 1.6000
129.8950 -8.7534 1.6000
95.4850 -1.7534 1.6000
111.3640 -4.2534 1.6000
115.8640 -5.2534 1.6000
101.7790 -8.7534 1.6000
108.7790 -8.7534 1.6000
129.5770 -8.7534 1.6000
142.8960 -8.7534 1.6000
92.7089 -5.2534 1.6000
99.9357 -5.2534 1.6000
140.8860 -1.7534 1.6000
128.7610 -8.7534 1.6000
113.5210 -6.2534 1.6000
124.2610 -9.7534 1.6000
134.6770 -8.7534 1.6000
101.6500 -1.7534 1.6000
124.0890 -6.2534 1.6000
138.5410 -5.2534 1.6000
132.9010 -4.2534 1.6000
141.6740 -5.2534 1.6000
107.7830 -2.7534 1.6000
95.3888 -8.7534 1.6000
140.2770 -8.7534 1.6000
133.2770 -8.7534 1.6000
121.7820 -6.2534 1.6000
110.7520 -8.7534 1.6000
95.3540 -1.7534 1.6000
114.8540 -2.7534 1.6000
93.9562 -5.2534 1.6000
126.4950 -2.7534 1.6000
104.2980 -1.7534 1.6000
135.7160 -8.7534 1.6000
132.6780 -6.2534 1.6000
134.0950 -2.7534 1.6000
119.8210 -7.7534 1.6000
112.8210 -7.7534 1.6000
111.2730 -4.2534 1.6000
119.4820 -4.2534 1.6000
105.1110 -5.2534 1.6000
109.5240 -7.7534 1.6000
143.7610 -1.7534 1.6000
108.1390 -2.7534 1.6000
117.3730 -7.7534 1.6000
129.8520 -7.7534 1.6000
137.3090 -2.7534 1.6000
137.6830 -9.7534 1.6000
133.4850 -2.7534 1.6000
96.3577 -8.7534 1.6000
97.7279 -5.2534 1.6000
130.4020 -9.7534 1.6000
135.3090 -8.7534 1.6000
98.3012 -8.7534 1.6000
94.9132 -5.2534 1.6000
125.7620 -9.7534 1.6000
111.1670 -8.7534 1.6000
140.9340 -8.7534 1.6000
93.1513 -5.2534 1.6000
122.4900 -2.7534 1.6000
121.4530 -2.7534 1.6000
130.1430 -8.7534 1.6000
107.6690 -5.2534 1.6000
141.2740 -5.2534 1.6000
122.0130 -9.7534 1.6000
102.4460 -1.7534 1.6000
143.9390 -8.7534 1.6000
106.5200 -8.7534 1.6000
127.2800 -9.7534 1.6000
149.2800 -9.7534 1.6000
105.0640 -2.7534 1.6000
115.0540 -7.7534 1.6000
117.2500 -2.7534 1.6000
93.5167 -8.7534 1.6000
110.7670 -8.7534 1.6000
99.8759 -1.7534 1.6000
127.1530 -9.7534 1.6000
129.3610 -6.2534 1.6000
118.2660 -6.2534 1.6000
103.7110 -8.7534 1.6000
128.9880 -2.7534 1.6000
119.6420 -6.2534 1.6000
118.8090 -9.7534 1.6000
112.6420 -6.2534 1.6000
141.2230 -8.7534 1.6000
100.7090 -1.7534 1.6000
118.3560 -2.7534 1.6000
113.5670 -6.2534 1.6000
130.2000 -6.2534 1.6000
138.1480 -8.7534 1.6000
103.1760 -1.7534 1.6000
102.7570 -5.2534 1.6000
100.6860 -1.7534 1.6000
98.9064 -8.7534 1.6000
103.5020 -7.7534 1.6000
109.7220 -6.2534 1.6000
114.3910 -1.7534 1.6000
113.0470 -7.7534 1.6000
127.5920 -9.7534 1.6000
106.0430 -2.7534 1.6000
102.0840 -5.2534 1.6000
110.0540 -7.7534 1.6000
130.0540 -7.7534 1.6000
146.3640 -8.7534 1.6000
112.2300 -9.7534 1.6000
131.3940 -2.7534 1.6000
123.1360 -9.7534 1.6000
146.2030 -5.2534 1.6000
143.3230 -1.7534 1.6000
101.3470 -8.7534 1.6000
108.3470 -8.7534 1.6000
136.9020 -2.7534 1.6000
142.2660 -1.7534 1.6000
95.7555 -8.7534 1.6000
113.1590 -6.2534 1.6000
100.2390 -1.7534 1.6000
132.4600 -6.2534 1.6000
106.2140 -5.2534 1.6000
103.2740 -1.7534 1.6000
139.3790 -8.7534 1.6000
129.2260 -9.7534 1.6000
136.5470 -1.7534 1.6000
122.0880 -6.2534 1.6000
120.2350 -9.7534 1.6000
116.0670 -1.7534 1.6000
138.3610 -1.7534 1.6000
102.7530 -8.7534 1.6000
138.6980 -5.2534 1.6000
99.7846 -5.2534 1.6000
139.7180 -8.7534 1.6000
105.4440 -2.7534 1.6000
144.7360 -1.7534 1.6000
110.6660 -1.7534 1.6000
121.5910 -2.7534 1.6000
114.0700 -9.7534 1.6000
130.5470 -8.7534 1.6000
136.9880 -2.7534 1.6000
102.0110 -8.7534 1.6000
127.5910 -9.7534 1.6000
133.9160 -5.2534 1.6000
109.1060 -6.2534 1.6000
131.9010 -4.2534 1.6000
103.3210 -8.7534 1.6000
138.9650 -2.7534 1.6000
93.4477 -5.2534 1.6000
130.9010 -2.7534 1.6000
109.2640 -9.7534 1.6000
144.9840 -8.7534 1.6000
114.1080 -6.2534 1.6000
134.4570 -8.7534 1.6000
136.4580 -5.2534 1.6000
137.3100 -1.7534 1.6000
116.0550 -2.7534 1.6000
111.7380 -6.2534 1.6000
123.1070 -9.7534 1.6000
96.1102 -5.2534 1.6000
114.5820 -4.2534 1.6000
123.0210 -6.2534 1.6000
98.1530 -5.2534 1.6000
103.8270 -8.7534 1.6000
110.1020 -6.2534 1.6000
136.2290 -2.7534 1.6000
138.7450 -7.7534 1.6000
94.8540 -8.7534 1.6000
111.8600 -4.2534 1.6000
123.3440 -7.7534 1.6000
130.1190 -2.7534 1.6000
103.9630 -8.7534 1.6000
138.5270 -1.7534 1.6000
143.2950 -5.2534 1.6000
98.0611 -9.7534 1.6000
124.6900 -4.2534 1.6000
145.4330 -8.7534 1.6000
110.1140 -8.7534 1.6000
98.3950 -5.2534 1.6000
116.4010 -6.2534 1.6000
110.5690 -2.7534 1.6000
100.1910 -5.2534 1.6000
138.5950 -8.7534 1.6000
115.3690 -9.7534 1.6000
116.6150 -2.7534 1.6000
142.0300 -8.7534 1.6000
104.6690 -5.2534 1.6000
115.8510 -6.2534 1.6000
144.2810 -5.2534 1.6000
142.7430 -8.7534 1.6000
135.7430 -8.7534 1.6000
117.0190 -9.7534 1.6000
106.0620 -5.2534 1.6000
122.8390 -0.7534 1.6000
101.6370 -8.7534 1.6000
110.5620 -6.2534 1.6000
99.3468 -1.7534 1.6000
121.7820 -4.2534 1.6000
93.2818 -6.2534 1.6000
114.7820 -4.2534 1.6000
131.2120 -2.7534 1.6000
136.9120 -8.7534 1.6000
115.9010 -6.2534 1.6000
102.1850 -8.7534 1.6000
139.7110 -8.7534 1.6000
100.8250 -8.7534 1.6000
141.1630 -5.2534 1.6000
135.2110 -7.7534 1.6000
113.6560 -0.7534 1.6000
104.3060 -4.2534 1.6000
93.7700 -8.7534 1.6000
120.6560 -0.7534 1.6000
92.8678 -8.7534 1.6000
117.1400 -7.7534 1.6000
146.7380 -5.2534 1.6000
135.6150 -5.2534 1.6000
125.4140 -2.7534 1.6000
141.5150 -5.2534 1.6000
136.3480 -9.7534 1.6000
120.4260 -4.2534 1.6000
117.2350 -6.2534 1.6000
110.4550 -2.7534 1.6000
124.6700 -6.2534 1.6000
128.7870 -2.7534 1.6000
106.7220 -4.2534 1.6000
109.0460 -2.7534 1.6000
116.1470 -2.7534 1.6000
101.0810 -8.7534 1.6000
105.0700 -1.7534 1.6000
148.9790 -2.7534 1.6000
122.8130 -6.2534 1.6000
97.4956 -8.7534 1.6000
93.5247 -5.2534 1.6000
128.9240 -8.7534 1.6000
115.8810 -9.7534 1.6000
124.4240 -9.7534 1.6000
133.9060 -7.7534 1.6000
105.8640 -6.2534 1.6000
147.9440 -7.7534 1.6000
138.4060 -8.7534 1.6000
144.9050 -8.7534 1.6000
98.1235 -1.7534 1.6000
135.3260 -8.7534 1.6000
137.7280 -8.7534 1.6000
126.1680 -2.7534 1.6000
118.2100 -6.2534 1.6000
105.9930 -7.7534 1.6000
142.4390 -8.7534 1.6000
107.3250 -6.2534 1.6000
125.2660 -9.7534 1.6000
104.2970 -7.7534 1.6000
118.2660 -9.7534 1.6000
113.5930 -2.7534 1.6000
130.5290 -9.7534 1.6000
108.6430 -8.7534 1.6000
101.6430 -8.7534 1.6000
127.1690 -9.7534 1.6000
145.5970 -5.2534 1.6000
105.6470 -6.2534 1.6000
141.6090 -8.7534 1.6000
111.1210 -6.2534 1.6000
140.7040 -8.7534 1.6000
136.2040 -7.7534 1.6000
136.8580 -4.2534 1.6000
102.1850 -1.7534 1.6000
131.6800 -8.7534 1.6000
110.7010 -7.7534 1.6000
129.6600 -2.7534 1.6000
104.2820 -1.7534 1.6000
101.8780 -5.2534 1.6000
106.6420 -8.7534 1.6000
125.5890 -6.2534 1.6000
109.8650 -7.7534 1.6000
141.1500 -1.7534 1.6000
99.8941 -1.7534 1.6000
131.6030 -8.7534 1.6000
112.7710 -9.7534 1.6000
97.8079 -8.7534 1.6000
119.7710 -9.7534 1.6000
128.8260 -9.7534 1.6000
103.9200 -1.7534 1.6000
144.2370 -1.7534 1.6000
101.9530 -9.7534 1.6000
108.4200 -2.7534 1.6000
127.5930 -9.7534 1.6000
101.6200 -1.7534 1.6000
130.2290 -2.7534 1.6000
110.7810 -8.7534 1.6000
139.2300 -7.7534 1.6000
132.6210 -5.2534 1.6000
134.4220 -2.7534 1.6000
99.8491 -8.7534 1.6000
117.2120 -9.7534 1.6000
136.0230 -8.7534 1.6000
99.4138 -5.2534 1.6000
126.4560 -6.2534 1.6000
128.9320 -2.7534 1.6000
144.5990 -8.7534 1.6000
116.8340 -8.7534 1.6000
132.4590 -8.7534 1.6000
131.6230 -6.2534 1.6000
133.6870 -8.7534 1.6000
114.4890 -2.7534 1.6000
108.1460 -8.7534 1.6000
118.4590 -7.7534 1.6000
106.5070 -6.2534 1.6000
140.1740 -5.2534 1.6000
141.4990 -8.7534 1.6000
101.8990 -5.2534 1.6000
143.1090 -8.7534 1.6000
121.8880 -9.7534 1.6000
129.0130 -9.7534 1.6000
136.4120 -2.7534 1.6000
124.9690 -9.7534 1.6000
108.6130 -2.7534 1.6000
117.0120 -4.2534 1.6000
111.2890 -6.2534 1.6000
108.0240 -8.7534 1.6000
106.0880 -2.7534 1.6000
124.2820 -9.7534 1.6000
90.4088 -1.7534 1.6000
131.3270 -6.2534 1.6000
124.5030 -9.7534 1.6000
141.8600 -5.2534 1.6000
119.7820 -6.2534 1.6000
93.7030 -8.7534 1.6000
136.8270 -8.7534 1.6000
122.4410 -9.7534 1.6000
93.8165 -5.2534 1.6000
146.8650 -1.7534 1.6000
100.9300 -5.2534 1.6000
103.8570 -7.7534 1.6000
126.5530 -2.7534 1.6000
122.9230 -9.7534 1.6000
112.7170 -2.7534 1.6000
99.9161 -8.7534 1.6000
121.8130 -6.2534 1.6000
116.3030 -9.7534 1.6000
106.8850 -6.2534 1.6000
106.5080 -8.7534 1.6000
95.1130 -5.2534 1.6000
127.1330 -9.7534 1.6000
135.2430 -8.7534 1.6000
116.4170 -9.7534 1.6000
145.0300 -9.7534 1.6000
128.9720 -7.7534 1.6000
142.2850 -1.7534 1.6000
130.6420 -4.2534 1.6000
116.6140 -6.2534 1.6000
110.9780 -2.7534 1.6000
133.0550 -7.7534 1.6000
103.9780 -2.7534 1.6000
98.1345 -8.7534 1.6000
134.4740 -2.7534 1.6000
97.0188 -5.2534 1.6000
133.0050 -5.2534 1.6000
123.8220 -6.2534 1.6000
132.4640 -8.7534 1.6000
111.1590 -9.7534 1.6000
145.9560 -8.7534 1.6000
105.9100 -5.2534 1.6000
104.3370 -2.7534 1.6000
136.1740 -8.7534 1.6000
118.3600 -6.2534 1.6000
132.9670 -2.7534 1.6000
116.5170 -6.2534 1.6000
112.9590 -7.7534 1.6000
125.9670 -2.7534 1.6000
106.5840 -6.2534 1.6000
107.1890 -2.7534 1.6000
129.7420 -9.7534 1.6000
100.2550 -8.7534 1.6000
115.7930 -0.7534 1.6000
105.5700 -6.2534 1.6000
142.8460 -5.2534 1.6000
133.2520 -9.7534 1.6000
121.3830 -2.7534 1.6000
98.2040 -8.7534 1.6000
107.6510 -2.7534 1.6000
144.1030 -8.7534 1.6000
103.3740 -8.7534 1.6000
108.3220 -6.2534 1.6000
144.0000 -8.7534 1.6000
132.0450 -4.2534 1.6000
120.4420 -6.2534 1.6000
93.8257 -1.7534 1.6000
132.7840 -2.7534 1.6000
131.5190 -7.7534 1.6000
109.5020 -8.7534 1.6000
134.3230 -2.7534 1.6000
146.0350 -8.7534 1.6000
92.6260 -8.7534 1.6000
101.5100 -5.2534 1.6000
131.9760 -2.7534 1.6000
124.9760 -2.7534 1.6000
133.0850 -8.7534 1.6000
96.4827 -5.2534 1.6000
106.8650 -4.2534 1.6000
96.0804 -8.7534 1.6000
115.9740 -2.7534 1.6000
126.7970 -4.2534 1.6000
97.2375 -7.7534 1.6000
138.9740 -8.7534 1.6000
134.1950 -9.7534 1.6000
96.5223 -5.2534 1.6000
146.9450 -1.7534 1.6000
139.0360 -8.7534 1.6000
119.5860 -2.7534 1.6000
118.8620 -9.7534 1.6000
145.0330 -8.7534 1.6000
107.5080 -5.2534 1.6000
94.4980 -5.2534 1.6000
121.5060 -0.7534 1.6000
129.3980 -9.7534 1.6000
124.6190 -4.2534 1.6000
103.1010 -7.7534 1.6000
125.3920 -2.7534 1.6000
118.3920 -2.7534 1.6000
105.9390 -2.7534 1.6000
118.1710 -9.7534 1.6000
133.3510 -6.2534 1.6000
108.5840 -8.7534 1.6000
126.3510 -6.2534 1.6000
95.8759 -8.7534 1.6000
111.1100 -9.7534 1.6000
141.3100 -8.7534 1.6000
102.2020 -1.7534 1.6000
108.2380 -6.2534 1.6000
118.1290 -0.7534 1.6000
137.0680 -5.2534 1.6000
129.0740 -4.2534 1.6000
135.6530 -8.7534 1.6000
134.0810 -7.7534 1.6000
139.8860 -8.7534 1.6000
126.5550 -7.7534 1.6000
99.0244 -8.7534 1.6000
129.0740 -6.2534 1.6000
115.3620 -1.7534 1.6000
104.9490 -8.7534 1.6000
147.1040 -1.7534 1.6000
142.7520 -8.7534 1.6000
111.3740 -7.7534 1.6000
105.4290 -4.2534 1.6000
125.1390 -6.2534 1.6000
93.3400 -8.7534 1.6000
106.2930 -8.7534 1.6000
111.4600 -4.2534 1.6000
118.4600 -4.2534 1.6000
91.2676 -9.7534 1.6000
139.7500 -5.2534 1.6000
129.5040 -7.7534 1.6000
115.1350 -9.7534 1.6000
121.6980 -2.7534 1.6000
125.0030 -6.2534 1.6000
123.0980 -9.7534 1.6000
130.0980 -9.7534 1.6000
141.8670 -5.2534 1.6000
102.1650 -1.7534 1.6000
125.1890 -9.7534 1.6000
106.0000 -7.7534 1.6000
110.6920 -2.7534 1.6000
123.7290 -6.2534 1.6000
134.7190 -8.7534 1.6000
118.4120 -2.7534 1.6000
95.1850 -8.7534 1.6000
105.2910 -4.2534 1.6000
123.1070 -2.7534 1.6000
98.2587 -2.7534 1.6000
123.0990 -2.7534 1.6000
131.5370 -2.7534 1.6000
126.3220 -6.2534 1.6000
124.5070 -9.7534 1.6000
139.5120 -6.2534 1.6000
130.5180 -0.7534 1.6000
100.6460 -1.7534 1.6000
143.0500 -1.7534 1.6000
103.7530 -1.7534 1.6000
114.0160 -8.7534 1.6000
137.2620 -5.2534 1.6000
97.5871 -8.7534 1.6000
145.4380 -5.2534 1.6000
126.2930 -2.7534 1.6000
112.1800 -9.7534 1.6000
133.6420 -7.7534 1.6000
93.0137 -8.7534 1.6000
131.8520 -8.7534 1.6000
121.5990 -2.7534 1.6000
107.8680 -5.2534 1.6000
95.8410 -5.2534 1.6000
119.4620 -2.7534 1.6000
110.3730 -2.7534 1.6000
139.7890 -8.7534 1.6000
127.8220 -9.7534 1.6000
119.8960 -6.2534 1.6000
104.7890 -1.7534 1.6000
116.1580 -9.7534 1.6000
135.1140 -8.7534 1.6000
136.5510 -5.2534 1.6000
130.6140 -9.7534 1.6000
117.8300 -0.7534 1.6000
111.9800 -7.7534 1.6000
105.8560 -8.7534 1.6000
93.2768 -1.7534 1.6000
112.8330 -2.7534 1.6000
133.8350 -5.2534 1.6000
100.2200 -9.7534 1.6000
104.0560 -5.2534 1.6000
130.7340 -8.7534 1.6000
142.7890 -1.7534 1.6000
130.6730 -4.2534 1.6000
142.1730 -5.2534 1.6000
119.1510 -7.7534 1.6000
130.3920 -6.2534 1.6000
93.2046 -8.7534 1.6000
142.7460 -5.2534 1.6000
140.2110 -1.7534 1.6000
126.6850 -6.2534 1.6000
101.5490 -5.2534 1.6000
145.8580 -5.2534 1.6000
113.4030 -9.7534 1.6000
92.5125 -8.7534 1.6000
144.4440 -8.7534 1.6000
120.9920 -2.7534 1.6000
145.6050 -1.7534 1.6000
101.1740 -1.7534 1.6000
115.0790 -6.2534 1.6000
114.1020 -9.7534 1.6000
108.1790 -8.7534 1.6000
132.1560 -2.7534 1.6000
126.6130 -9.7534 1.6000
129.6660 -6.2534 1.6000
131.1130 -8.7534 1.6000
107.8680 -8.7534 1.6000
101.0970 -1.7534 1.6000
147.0480 -8.7534 1.6000
135.5740 -8.7534 1.6000
