UE positions (x y z)
93.4145 -1.7534 1.6000
104.4630 -2.7534 1.6000
146.0290 -5.2534 1.6000
105.7800 -8.7534 1.6000
112.1550 -2.7534 1.6000
114.7760 -9.7534 1.6000
129.7790 -8.7534 1.6000
93.5925 -7.7534 1.6000
118.9350 -9.7534 1.6000
144.1520 -1.7534 1.6000
128.2260 -2.7534 1.6000
132.5600 -8.7534 1.6000
93.8479 -1.7534 1.6000
92.3500 -6.2534 1.6000
130.4430 -2.7534 1.6000
100.2390 -0.7534 1.6000
111.3800 -5.2534 1.6000
102.9140 -1.7534 1.6000
135.6080 -1.7534 1.6000
137.8540 -5.2534 1.6000
135.3580 -8.7534 1.6000
108.8130 -8.7534 1.6000
133.5130 -5.2534 1.6000
105.8370 -6.2534 1.6000
104.9780 -4.2534 1.6000
129.9030 -7.7534 1.6000
137.4160 -5.2534 1.6000
116.6360 -9.7534 1.6000
104.7710 -5.2534 1.6000
109.9270 -6.2534 1.6000
116.7890 -2.7534 1.6000
128.6960 -7.7534 1.6000
94.3284 -8.7534 1.6000
135.5070 -4.2534 1.6000
101.9370 -8.7534 1.6000
112.0760 -9.7534 1.6000
144.8870 -7.7534 1.6000
129.0820 -6.2534 1.6000
108.0460 -6.2534 1.6000
95.7278 -8.7534 1.6000
104.0600 -2.7534 1.6000
124.1910 -2.7534 1.6000
127.1830 -9.7534 1.6000
135.8430 -8.7534 1.6000
132.4510 -2.7534 1.6000
114.8800 -7.7534 1.6000
137.1230 -8.7534 1.6000
122.1780 -7.7534 1.6000
100.2840 -1.7534 1.6000
132.1320 -8.7534 1.6000
107.3440 -4.2534 1.6000
136.9390 -2.7534 1.6000
106.4350 -8.7534 1.6000
141.4420 -8.7534 1.6000
99.5768 -1.7534 1.6000
99.4348 -8.7534 1.6000
120.5230 -9.7534 1.6000
147.9220 -7.7534 1.6000
106.0500 -1.7534 1.6000
140.8390 -1.7534 1.6000
140.5530 -8.7534 1.6000
105.8230 -4.2534 1.6000
147.4340 -1.7534 1.6000
134.0480 -2.7534 1.6000
113.0390 -2.7534 1.6000
95.4053 -1.7534 1.6000
147.2580 -5.2534 1.6000
142.2900 -8.7534 1.6000
133.0490 -4.2534 1.6000
138.7400 -8.7534 1.6000
118.8820 -9.7534 1.6000
114.4260 -6.2534 1.6000
122.6090 -9.7534 1.6000
131.0550 -8.7534 1.6000
102.9050 -8.7534 1.6000
148.7590 -7.7534 1.6000
106.5310 -8.7534 1.6000
95.4212 -5.2534 1.6000
111.2450 -6.2534 1.6000
128.5910 -6.2534 1.6000
124.2550 -9.7534 1.6000
93.9827 -5.2534 1.6000
104.2340 -1.7534 1.6000
92.7055 -8.7534 1.6000
110.0000 -2.7534 1.6000
102.1900 -1.7534 1.6000
132.1260 -8.7534 1.6000
115.6950 -7.7534 1.6000
101.4050 -1.7534 1.6000
115.0640 -9.7534 1.6000
110.5640 -8.7534 1.6000
122.7520 -2.7534 1.6000
95.9815 -8.7534 1.6000
132.5360 -4.2534 1.6000
113.0980 -4.2534 1.6000
121.3420 -4.2534 1.6000
120.6700 -6.2534 1.6000
130.0430 -8.7534 1.6000
141.6770 -8.7534 1.6000
117.2900 -9.7534 1.6000
144.3570 -1.7534 1.6000
136.2510 -8.7534 1.6000
100.3170 -7.7534 1.6000
127.1450 -9.7534 1.6000
108.3440 -0.7534 1.6000
119.1000 -9.7534 1.6000
126.5320 -9.7534 1.6000
120.9910 -2.7534 1.6000
93.1631 -1.7534 1.6000
116.7470 -0.7534 1.6000
96.3963 -5.2534 1.6000
122.3380 -6.2534 1.6000
119.4280 -2.7534 1.6000
126.8490 -9.7534 1.6000
136.0010 -8.7534 1.6000
95.3137 -5.2534 1.6000
112.9540 -2.7534 1.6000
113.1100 -6.2534 1.6000
147.3160 -7.7534 1.6000
126.7880 -4.2534 1.6000
144.7670 -1.7534 1.6000
128.1040 -0.7534 1.6000
134.8200 -8.7534 1.6000
143.0540 -5.2534 1.6000
104.9060 -5.2534 1.6000
136.7870 -8.7534 1.6000
134.2570 -2.7534 1.6000
108.2700 -8.7534 1.6000
131.1430 -9.7534 1.6000
96.6890 -8.7534 1.6000
127.3140 -6.2534 1.6000
131.8140 -5.2534 1.6000
96.2831 -8.7534 1.6000
134.9160 -5.2534 1.6000
129.8640 -6.2534 1.6000
105.0090 -8.7534 1.6000
104.1740 -1.7534 1.6000
109.5300 -8.7534 1.6000
92.6533 -5.2534 1.6000
142.8500 -8.7534 1.6000
121.8990 -6.2534 1.6000
114.1140 -6.2534 1.6000
120.2200 -9.7534 1.6000
128.8070 -9.7534 1.6000
138.2970 -1.7534 1.6000
96.7825 -8.7534 1.6000
112.7030 -6.2534 1.6000
124.8950 -2.7534 1.6000
104.3250 -2.7534 1.6000
130.2570 -2.7534 1.6000
139.1150 -8.7534 1.6000
109.1090 -6.2534 1.6000
123.9330 -0.7534 1.6000
116.9220 -7.7534 1.6000
136.6100 -1.7534 1.6000
128.4330 -1.7534 1.6000
140.8310 -5.2534 1.6000
140.6540 -8.7534 1.6000
127.9190 -9.7534 1.6000
134.2440 -2.7534 1.6000
135.6810 -2.7534 1.6000
93.1843 -8.7534 1.6000
139.3580 -8.7534 1.6000
144.9280 -5.2534 1.6000
126.2610 -0.7534 1.6000
103.8020 -8.7534 1.6000
147.2000 -5.2534 1.6000
119.2610 -0.7534 1.6000
134.5990 -8.7534 1.6000
145.4250 -8.7534 1.6000
104.1660 -4.2534 1.6000
110.9210 -7.7534 1.6000
125.6640 -9.7534 1.6000
138.1070 -5.2534 1.6000
130.1640 -8.7534 1.6000
114.3120 -9.7534 1.6000
94.8995 -5.2534 1.6000
115.5390 -2.7534 1.6000
93.7359 -8.7534 1.6000
119.1040 -6.2534 1.6000
124.9460 -9.7534 1.6000
134.0360 -1.7534 1.6000
117.9460 -9.7534 1.6000
131.9460 -7.7534 1.6000
112.6750 -9.7534 1.6000
145.5460 -1.7534 1.6000
126.1110 -6.2534 1.6000
119.6750 -9.7534 1.6000
105.3550 -1.7534 1.6000
97.7610 -5.2534 1.6000
98.3554 -1.7534 1.6000
110.0380 -6.2534 1.6000
115.1050 -9.7534 1.6000
140.1520 -1.7534 1.6000
135.6520 -2.7534 1.6000
134.4500 -5.2534 1.6000
126.0040 -8.7534 1.6000
142.0950 -1.7534 1.6000
96.7583 -1.7534 1.6000
117.7960 -9.7534 1.6000
93.2450 -1.7534 1.6000
147.0920 -5.2534 1.6000
103.2700 -7.7534 1.6000
119.2860 -9.7534 1.6000
112.4680 -7.7534 1.6000
147.0380 -5.2534 1.6000
134.7810 -2.7534 1.6000
122.7400 -6.2534 1.6000
102.2820 -5.2534 1.6000
129.8430 -2.7534 1.6000
117.4700 -7.7534 1.6000
114.8310 -4.2534 1.6000
115.0350 -2.7534 1.6000
121.2100 -6.2534 1.6000
102.9720 -4.2534 1.6000
131.4290 -6.2534 1.6000
131.1810 -7.7534 1.6000
145.2280 -5.2534 1.6000
119.1330 -9.7534 1.6000
145.2830 -7.7534 1.6000
116.9460 -4.2534 1.6000
114.1100 -2.7534 1.6000
100.9810 -7.7534 1.6000
135.5490 -0.7534 1.6000
112.5550 -2.7534 1.6000
128.7840 -4.2534 1.6000
142.5190 -7.7534 1.6000
101.2340 -1.7534 1.6000
128.8770 -7.7534 1.6000
121.8770 -9.7534 1.6000
117.6500 -6.2534 1.6000
97.8825 -8.7534 1.6000
95.0022 -7.7534 1.6000
140.1500 -8.7534 1.6000
107.1320 -2.7534 1.6000
126.7470 -0.7534 1.6000
128.7370 -9.7534 1.6000
140.0950 -1.7534 1.6000
133.3460 -6.2534 1.6000
141.4630 -8.7534 1.6000
142.7700 -5.2534 1.6000
138.1070 -8.7534 1.6000
112.4020 -2.7534 1.6000
139.5530 -0.7534 1.6000
111.6490 -0.7534 1.6000
121.3390 -4.2534 1.6000
107.8310 -8.7534 1.6000
139.4380 -7.7534 1.6000
148.8760 -7.7534 1.6000
100.1450 -1.7534 1.6000
134.6760 -6.2534 1.6000
133.3380 -9.7534 1.6000
142.6360 -8.7534 1.6000
130.7860 -8.7534 1.6000
108.3820 -2.7534 1.6000
126.5000 -6.2534 1.6000
108.0930 -8.7534 1.6000
96.2813 -5.2534 1.6000
96.3796 -8.7534 1.6000
139.7550 -5.2534 1.6000
141.9280 -1.7534 1.6000
133.1070 -4.2534 1.6000
146.3330 -8.7534 1.6000
120.8470 -4.2534 1.6000
109.6600 -9.7534 1.6000
121.0910 -9.7534 1.6000
111.7630 -6.2534 1.6000
103.0050 -8.7534 1.6000
95.4379 -5.2534 1.6000
111.7100 -2.7534 1.6000
142.1610 -8.7534 1.6000
143.4840 -1.7534 1.6000
103.8660 -2.7534 1.6000
130.8380 -5.2534 1.6000
116.5770 -6.2534 1.6000
109.6030 -9.7534 1.6000
114.2730 -6.2534 1.6000
108.2610 -8.7534 1.6000
117.8480 -2.7534 1.6000
108.7250 -2.7534 1.6000
110.9280 -2.7534 1.6000
117.1400 -7.7534 1.6000
146.2380 -8.7534 1.6000
126.8270 -2.7534 1.6000
111.9210 -9.7534 1.6000
138.2210 -1.7534 1.6000
122.7110 -6.2534 1.6000
147.0580 -1.7534 1.6000
93.1325 -8.7534 1.6000
122.5350 -2.7534 1.6000
146.0430 -8.7534 1.6000
112.2650 -6.2534 1.6000
100.5350 -5.2534 1.6000
121.8520 -9.7534 1.6000
110.2180 -6.2534 1.6000
100.9990 -8.7534 1.6000
108.6460 -2.7534 1.6000
112.4830 -9.7534 1.6000
127.1330 -6.2534 1.6000
120.8710 -9.7534 1.6000
104.0360 -2.7534 1.6000
135.2390 -8.7534 1.6000
128.2510 -4.2534 1.6000
122.6750 -7.7534 1.6000
145.1700 -1.7534 1.6000
101.3730 -8.7534 1.6000
141.3600 -8.7534 1.6000
117.1080 -9.7534 1.6000
127.5380 -4.2534 1.6000
110.6270 -9.7534 1.6000
100.5890 -5.2534 1.6000
105.7830 -6.2534 1.6000
101.3740 -5.2534 1.6000
141.8790 -7.7534 1.6000
105.3220 -0.7534 1.6000
117.8980 -4.2534 1.6000
127.2920 -6.2534 1.6000
102.2470 -5.2534 1.6000
135.1430 -5.2534 1.6000
133.3360 -8.7534 1.6000
96.0407 -5.2534 1.6000
142.9800 -5.2534 1.6000
126.4320 -9.7534 1.6000
143.3990 -8.7534 1.6000
124.8210 -9.7534 1.6000
110.9970 -9.7534 1.6000
133.1830 -5.2534 1.6000
125.6180 -2.7534 1.6000
97.2749 -4.2534 1.6000
95.9704 -7.7534 1.6000
92.7858 -1.7534 1.6000
127.5970 -1.7534 1.6000
121.5010 -6.2534 1.6000
124.3690 -9.7534 1.6000
146.8320 -5.2534 1.6000
138.2680 -1.7534 1.6000
145.0960 -8.7534 1.6000
132.9940 -5.2534 1.6000
142.9860 -1.7534 1.6000
125.0790 -6.2534 1.6000
107.9710 -4.2534 1.6000
109.4790 -7.7534 1.6000
98.0976 -1.7534 1.6000
95.1443 -7.7534 1.6000
110.3720 -8.7534 1.6000
134.3990 -2.7534 1.6000
126.4270 -6.2534 1.6000
93.1999 -5.2534 1.6000
109.1210 -2.7534 1.6000
101.0440 -8.7534 1.6000
111.5250 -7.7534 1.6000
94.0437 -8.7534 1.6000
118.5360 -6.2534 1.6000
142.7160 -8.7534 1.6000
145.3780 -1.7534 1.6000
113.7350 -9.7534 1.6000
119.3810 -6.2534 1.6000
130.0080 -9.7534 1.6000
139.5550 -1.7534 1.6000
127.5850 -6.2534 1.6000
136.3230 -1.7534 1.6000
94.1757 -5.2534 1.6000
109.6850 -9.7534 1.6000
97.6703 -8.7534 1.6000
131.7170 -9.7534 1.6000
125.8870 -6.2534 1.6000
103.8910 -8.7534 1.6000
143.2880 -8.7534 1.6000
94.7042 -5.2534 1.6000
131.8060 -8.7534 1.6000
121.7350 -2.7534 1.6000
140.4600 -1.7534 1.6000
146.9380 -8.7534 1.6000
117.4500 -4.2534 1.6000
123.0940 -7.7534 1.6000
130.0940 -7.7534 1.6000
114.4190 -6.2534 1.6000
134.6640 -5.2534 1.6000
143.4450 -5.2534 1.6000
127.2650 -6.2534 1.6000
138.5380 -8.7534 1.6000
131.2250 -6.2534 1.6000
142.8340 -5.2534 1.6000
120.0370 -6.2534 1.6000
98.1894 -0.7534 1.6000
119.2780 -6.2534 1.6000
134.8140 -4.2534 1.6000
143.3450 -0.7534 1.6000
125.4310 -6.2534 1.6000
122.8610 -9.7534 1.6000
102.5360 -8.7534 1.6000
110.6890 -6.2534 1.6000
106.0000 -2.7534 1.6000
146.5720 -7.7534 1.6000
115.0660 -2.7534 1.6000
130.6060 -8.7534 1.6000
113.0080 -7.7534 1.6000
119.6260 -4.2534 1.6000
142.0580 -5.2534 1.6000
122.6890 -7.7534 1.6000
110.8450 -9.7534 1.6000
125.1920 -6.2534 1.6000
94.9424 -8.7534 1.6000
129.6640 -8.7534 1.6000
119.3680 -2.7534 1.6000
125.2900 -4.2534 1.6000
115.7720 -8.7534 1.6000
129.0760 -9.7534 1.6000
129.3710 -9.7534 1.6000
132.3480 -5.2534 1.6000
116.9590 -6.2534 1.6000
121.3770 -9.7534 1.6000
103.3390 -8.7534 1.6000
130.1110 -5.2534 1.6000
110.7720 -6.2534 1.6000
99.5566 -5.2534 1.6000
107.3630 -6.2534 1.6000
116.1120 -2.7534 1.6000
120.8970 -9.7534 1.6000
111.8540 -9.7534 1.6000
101.3510 -8.7534 1.6000
119.2300 -9.7534 1.6000
113.8730 -6.2534 1.6000
119.2200 -2.7534 1.6000
102.0340 -6.2534 1.6000
130.0630 -6.2534 1.6000
112.3510 -0.7534 1.6000
109.0340 -4.2534 1.6000
129.4330 -9.7534 1.6000
116.2510 -2.7534 1.6000
113.6690 -9.7534 1.6000
108.0950 -8.7534 1.6000
119.8240 -9.7534 1.6000
130.1640 -9.7534 1.6000
103.8650 -4.2534 1.6000
119.7950 -6.2534 1.6000
112.0850 -9.7534 1.6000
128.5740 -9.7534 1.6000
103.7690 -8.7534 1.6000
108.7840 -2.7534 1.6000
103.6330 -5.2534 1.6000
124.3070 -2.7534 1.6000
103.8980 -2.7534 1.6000
146.8030 -8.7534 1.6000
108.3430 -8.7534 1.6000
97.9696 -8.7534 1.6000
138.2610 -8.7534 1.6000
145.2610 -8.7534 1.6000
109.0440 -9.7534 1.6000
140.3960 -4.2534 1.6000
100.1680 -1.7534 1.6000
145.1830 -8.7534 1.6000
126.6120 -2.7534 1.6000
120.1760 -9.7534 1.6000
129.8870 -6.2534 1.6000
100.9620 -8.7534 1.6000
93.9336 -1.7534 1.6000
128.7940 -9.7534 1.6000
119.2510 -9.7534 1.6000
99.4780 -8.7534 1.6000
107.9070 -6.2534 1.6000
113.2980 -9.7534 1.6000
101.7250 -5.2534 1.6000
101.5710 -8.7534 1.6000
98.9927 -5.2534 1.6000
120.3210 -7.7534 1.6000
102.8130 -8.7534 1.6000
120.7340 -2.7534 1.6000
146.6010 -7.7534 1.6000
113.0950 -9.7534 1.6000
112.3800 -2.7534 1.6000
126.2380 -0.7534 1.6000
125.6020 -2.7534 1.6000
130.4460 -4.2534 1.6000
93.1612 -5.2534 1.6000
126.3810 -7.7534 1.6000
125.4080 -0.7534 1.6000
98.7127 -5.2534 1.6000
141.7490 -1.7534 1.6000
106.6610 -8.7534 1.6000
146.1790 -5.2534 1.6000
138.4420 -8.7534 1.6000
112.4460 -9.7534 1.6000
95.7579 -8.7534 1.6000
93.7354 -8.7534 1.6000
141.5460 -9.7534 1.6000
133.1390 -4.2534 1.6000
134.5460 -7.7534 1.6000
133.1620 -6.2534 1.6000
97.5560 -8.7534 1.6000
130.8880 -8.7534 1.6000
104.6340 -8.7534 1.6000
142.5360 -5.2534 1.6000
99.5892 -1.7534 1.6000
120.9050 -6.2534 1.6000
97.4937 -8.7534 1.6000
131.6690 -2.7534 1.6000
144.0760 -8.7534 1.6000
96.0918 -8.7534 1.6000
130.0760 -8.7534 1.6000
106.9510 -2.7534 1.6000
119.3900 -2.7534 1.6000
121.5890 -9.7534 1.6000
132.0380 -8.7534 1.6000
117.0860 -9.7534 1.6000
120.9680 -2.7534 1.6000
139.2200 -1.7534 1.6000
100.2510 -8.7534 1.6000
143.6480 -5.2534 1.6000
118.5860 -2.7534 1.6000
121.4620 -9.7534 1.6000
125.6270 -2.7534 1.6000
128.3460 -9.7534 1.6000
93.9335 -8.7534 1.6000
129.8940 -6.2534 1.6000
138.4200 -1.7534 1.6000
144.8540 -7.7534 1.6000
129.8050 -6.2534 1.6000
101.4630 -5.2534 1.6000
141.9960 -5.2534 1.6000
146.5880 -8.7534 1.6000
137.8970 -8.7534 1.6000
93.7208 -1.7534 1.6000
115.3140 -9.7534 1.6000
120.7690 -2.7534 1.6000
113.6600 -2.7534 1.6000
102.2510 -8.7534 1.6000
132.5570 -2.7534 1.6000
129.7340 -1.7534 1.6000
117.3870 -6.2534 1.6000
122.4810 -0.7534 1.6000
136.7340 -1.7534 1.6000
97.0499 -1.7534 1.6000
118.5730 -6.2534 1.6000
142.1810 -5.2534 1.6000
138.6110 -8.7534 1.6000
125.7610 -2.7534 1.6000
117.4490 -6.2534 1.6000
119.7340 -9.7534 1.6000
92.8470 -7.7534 1.6000
132.6850 -2.7534 1.6000
108.7740 -8.7534 1.6000
102.6210 -2.7534 1.6000
96.4780 -5.2534 1.6000
99.0427 -1.7534 1.6000
102.9330 -5.2534 1.6000
95.7236 -8.7534 1.6000
108.1660 -7.7534 1.6000
100.5820 -5.2534 1.6000
112.7400 -6.2534 1.6000
138.7330 -8.7534 1.6000
101.4030 -8.7534 1.6000
132.9160 -8.7534 1.6000
141.0660 -8.7534 1.6000
98.6940 -5.2534 1.6000
112.5570 -9.7534 1.6000
139.2310 -8.7534 1.6000
144.8510 -5.2534 1.6000
136.8850 -2.7534 1.6000
100.7260 -8.7534 1.6000
93.9339 -1.7534 1.6000
93.2538 -8.7534 1.6000
131.7640 -8.7534 1.6000
137.0470 -5.2534 1.6000
138.6440 -5.2534 1.6000
108.5280 -2.7534 1.6000
114.0770 -9.7534 1.6000
97.5683 -4.2534 1.6000
105.6850 -8.7534 1.6000
121.2330 -0.7534 1.6000
145.2920 -8.7534 1.6000
103.5690 -5.2534 1.6000
130.6320 -9.7534 1.6000
137.3820 -1.7534 1.6000
141.1730 -5.2534 1.6000
127.3270 -6.2534 1.6000
104.8750 -8.7534 1.6000
136.3860 -4.2534 1.6000
130.2830 -1.7534 1.6000
118.6240 -0.7534 1.6000
130.1310 -7.7534 1.6000
118.0980 -9.7534 1.6000
100.1730 -8.7534 1.6000
117.0030 -1.7534 1.6000
120.9020 -2.7534 1.6000
92.6855 -7.7534 1.6000
100.5440 -7.7534 1.6000
139.7310 -8.7534 1.6000
95.7881 -1.7534 1.6000
128.9830 -1.7534 1.6000
95.5411 -4.2534 1.6000
115.7320 -9.7534 1.6000
109.0690 -4.2534 1.6000
147.1140 -5.2534 1.6000
127.4050 -8.7534 1.6000
136.5050 -1.7534 1.6000
100.8140 -1.7534 1.6000
123.6620 -4.2534 1.6000
111.1000 -8.7534 1.6000
132.4890 -8.7534 1.6000
131.3360 -2.7534 1.6000
114.3840 -7.7534 1.6000
118.6430 -4.2534 1.6000
100.8050 -5.2534 1.6000
117.0940 -9.7534 1.6000
137.1560 -4.2534 1.6000
95.7039 -0.7534 1.6000
146.3390 -8.7534 1.6000
109.6730 -2.7534 1.6000
139.0240 -8.7534 1.6000
119.4830 -0.7534 1.6000
107.7450 -6.2534 1.6000
125.7200 -9.7534 1.6000
117.2570 -4.2534 1.6000
117.8870 -7.7534 1.6000
97.0185 -8.7534 1.6000
105.1750 -4.2534 1.6000
111.0620 -7.7534 1.6000
125.8410 -9.7534 1.6000
96.7805 -5.2534 1.6000
109.2740 -6.2534 1.6000
97.1503 -8.7534 1.6000
135.1450 -8.7534 1.6000
131.4380 -6.2534 1.6000
111.2450 -2.7534 1.6000
93.9315 -5.2534 1.6000
106.7390 -5.2534 1.6000
95.1385 -8.7534 1.6000
92.7908 -5.2534 1.6000
111.1690 -9.7534 1.6000
107.3250 -6.2534 1.6000
100.6660 -5.2534 1.6000
115.4810 -2.7534 1.6000
118.1710 -9.7534 1.6000
102.6700 -8.7534 1.6000
111.1710 -9.7534 1.6000
117.4790 -6.2534 1.6000
109.5620 -9.7534 1.6000
117.4380 -9.7534 1.6000
130.7820 -9.7534 1.6000
130.0170 -8.7534 1.6000
100.3410 -8.7534 1.6000
107.6390 -8.7534 1.6000
144.1660 -8.7534 1.6000
139.6920 -8.7534 1.6000
127.3830 -9.7534 1.6000
138.3790 -5.2534 1.6000
120.3830 -9.7534 1.6000
125.1370 -2.7534 1.6000
116.6090 -6.2534 1.6000
136.3460 -8.7534 1.6000
94.9002 -8.7534 1.6000
136.4110 -8.7534 1.6000
138.5530 -1.7534 1.6000
98.6392 -0.7534 1.6000
90.8157 -7.7534 1.6000
92.9714 -5.2534 1.6000
91.3010 -7.7534 1.6000
142.4160 -5.2534 1.6000
108.0380 -7.7534 1.6000
108.1520 -8.7534 1.6000
131.5820 -6.2534 1.6000
98.2143 -1.7534 1.6000
99.6699 -5.2534 1.6000
135.1570 -5.2534 1.6000
96.0716 -8.7534 1.6000
108.4200 -6.2534 1.6000
130.0790 -8.7534 1.6000
98.4703 -1.7534 1.6000
133.1910 -2.7534 1.6000
99.4402 -5.2534 1.6000
103.3230 -2.7534 1.6000
130.8040 -8.7534 1.6000
103.9940 -1.7534 1.6000
114.2790 -6.2534 1.6000
105.2700 -8.7534 1.6000
113.6950 -9.7534 1.6000
99.4293 -5.2534 1.6000
141.8130 -4.2534 1.6000
106.6390 -5.2534 1.6000
131.8650 -6.2534 1.6000
109.6450 -8.7534 1.6000
136.4120 -1.7534 1.6000
136.5200 -5.2534 1.6000
130.6140 -4.2534 1.6000
122.1010 -2.7534 1.6000
94.1641 -8.7534 1.6000
121.5590 -9.7534 1.6000
133.6290 -7.7534 1.6000
146.9020 -1.7534 1.6000
140.6030 -4.2534 1.6000
110.9230 -6.2534 1.6000
118.8750 -9.7534 1.6000
95.1096 -8.7534 1.6000
105.4750 -2.7534 1.6000
126.3490 -6.2534 1.6000
147.4050 -8.7534 1.6000
111.3340 -1.7534 1.6000
103.3030 -4.2534 1.6000
144.9870 -1.7534 1.6000
112.4960 -2.7534 1.6000
134.6010 -0.7534 1.6000
102.6360 -7.7534 1.6000
96.4218 -4.2534 1.6000
112.6550 -9.7534 1.6000
109.1970 -2.7534 1.6000
99.3541 -8.7534 1.6000
127.6520 -5.2534 1.6000
105.2280 -8.7534 1.6000
103.8450 -2.7534 1.6000
111.6720 -6.2534 1.6000
95.2906 -5.2534 1.6000
137.7510 -4.2534 1.6000
149.0560 -6.2534 1.6000
96.7323 -1.7534 1.6000
109.5730 -8.7534 1.6000
92.8748 -5.2534 1.6000
129.1140 -6.2534 1.6000
108.2350 -8.7534 1.6000
130.4660 -9.7534 1.6000
106.6630 -6.2534 1.6000
97.9897 -8.7534 1.6000
136.3560 -4.2534 1.6000
140.8560 -5.2534 1.6000
108.6760 -2.7534 1.6000
105.4500 -8.7534 1.6000
143.3580 -7.7534 1.6000
146.0160 -6.2534 1.6000
118.5500 -6.2534 1.6000
136.8070 -2.7534 1.6000
122.1560 -9.7534 1.6000
102.6550 -8.7534 1.6000
122.8230 -9.7534 1.6000
118.5300 -6.2534 1.6000
145.1870 -8.7534 1.6000
126.6840 -2.7534 1.6000
113.8490 -9.7534 1.6000
144.3950 -0.7534 1.6000
109.3490 -8.7534 1.6000
109.3390 -6.2534 1.6000
115.7150 -2.7534 1.6000
108.6710 -6.2534 1.6000
135.3150 -7.7534 1.6000
92.8523 -8.7534 1.6000
131.0630 -6.2534 1.6000
108.4080 -2.7534 1.6000
140.9440 -1.7534 1.6000
118.2270 -6.2534 1.6000
111.7980 -4.2534 1.6000
96.3783 -8.7534 1.6000
133.7050 -8.7534 1.6000
104.7980 -4.2534 1.6000
98.3383 -8.7534 1.6000
116.8010 -6.2534 1.6000
123.8010 -6.2534 1.6000
125.6490 -2.7534 1.6000
137.0920 -2.7534 1.6000
111.7640 -9.7534 1.6000
147.7950 -4.2534 1.6000
136.2290 -5.2534 1.6000
107.0980 -2.7534 1.6000
147.2720 -5.2534 1.6000
111.5220 -9.7534 1.6000
140.5820 -1.7534 1.6000
128.2840 -4.2534 1.6000
103.0820 -7.7534 1.6000
96.0821 -7.7534 1.6000
144.2350 -5.2534 1.6000
118.5910 -2.7534 1.6000
94.5692 -5.2534 1.6000
107.7750 -8.7534 1.6000
131.1440 -9.7534 1.6000
128.5830 -2.7534 1.6000
129.7970 -8.7534 1.6000
125.2970 -9.7534 1.6000
119.0930 -4.2534 1.6000
125.4510 -6.2534 1.6000
146.3580 -5.2534 1.6000
117.8200 -9.7534 1.6000
101.1510 -5.2534 1.6000
132.8860 -4.2534 1.6000
94.2057 -7.7534 1.6000
142.7720 -4.2534 1.6000
127.6200 -2.7534 1.6000
108.3440 -8.7534 1.6000
135.1750 -5.2534 1.6000
101.3440 -8.7534 1.6000
142.1750 -5.2534 1.6000
138.6070 -1.7534 1.6000
109.7920 -6.2534 1.6000
125.3180 -9.7534 1.6000
105.8730 -2.7534 1.6000
124.9920 -7.7534 1.6000
95.5839 -5.2534 1.6000
110.7340 -9.7534 1.6000
118.9090 -2.7534 1.6000
127.9750 -4.2534 1.6000
130.6760 -0.7534 1.6000
95.7118 -8.7534 1.6000
140.3920 -8.7534 1.6000
122.6590 -6.2534 1.6000
111.0220 -9.7534 1.6000
94.3041 -7.7534 1.6000
104.0220 -7.7534 1.6000
132.1290 -4.2534 1.6000
118.2360 -2.7534 1.6000
135.9850 -8.7534 1.6000
138.9960 -0.7534 1.6000
100.5190 -5.2534 1.6000
98.3868 -8.7534 1.6000
133.4880 -2.7534 1.6000
112.1780 -9.7534 1.6000
103.3090 -4.2534 1.6000
130.0830 -6.2534 1.6000
135.1000 -8.7534 1.6000
114.4470 -6.2534 1.6000
103.2610 -5.2534 1.6000
105.6550 -1.7534 1.6000
142.2550 -5.2534 1.6000
109.2830 -9.7534 1.6000
129.0290 -9.7534 1.6000
135.1440 -2.7534 1.6000
114.6110 -9.7534 1.6000
111.9280 -6.2534 1.6000
112.4270 -6.2534 1.6000
123.0990 -9.7534 1.6000
133.0250 -2.7534 1.6000
94.0564 -1.7534 1.6000
144.6930 -7.7534 1.6000
146.8450 -4.2534 1.6000
137.6930 -7.7534 1.6000
97.7951 -8.7534 1.6000
111.9300 -6.2534 1.6000
142.7240 -1.7534 1.6000
135.0110 -0.7534 1.6000
144.9600 -8.7534 1.6000
143.8770 -1.7534 1.6000
122.9250 -8.7534 1.6000
136.7840 -2.7534 1.6000
137.6720 -7.7534 1.6000
143.3710 -2.7534 1.6000
100.2990 -1.7534 1.6000
115.2140 -9.7534 1.6000
128.5290 -8.7534 1.6000
122.3190 -6.2534 1.6000
120.3880 -9.7534 1.6000
115.1650 -2.7534 1.6000
140.4570 -7.7534 1.6000
142.5790 -9.7534 1.6000
142.3380 -4.2534 1.6000
94.4518 -1.7534 1.6000
136.5930 -1.7534 1.6000
140.1530 -8.7534 1.6000
98.1922 -1.7534 1.6000
109.5770 -8.7534 1.6000
105.8800 -5.2534 1.6000
133.5440 -6.2534 1.6000
137.8960 -1.7534 1.6000
99.9297 -5.2534 1.6000
125.7580 -9.7534 1.6000
102.9600 -5.2534 1.6000
123.0300 -2.7534 1.6000
136.9390 -9.7534 1.6000
141.4390 -8.7534 1.6000
136.4630 -8.7534 1.6000
125.4300 -2.7534 1.6000
132.4300 -2.7534 1.6000
100.6910 -5.2534 1.6000
137.8160 -1.7534 1.6000
147.0190 -1.7534 1.6000
101.0100 -5.2534 1.6000
121.7750 -9.7534 1.6000
130.7600 -9.7534 1.6000
134.1800 -6.2534 1.6000
93.3773 -8.7534 1.6000
129.4820 -2.7534 1.6000
99.8766 -8.7534 1.6000
140.6500 -8.7534 1.6000
96.9236 -5.2534 1.6000
124.8750 -6.2534 1.6000
106.6110 -9.7534 1.6000
125.0360 -4.2534 1.6000
113.8300 -7.7534 1.6000
144.3380 -1.7534 1.6000
90.9214 -8.7534 1.6000
103.0180 -8.7534 1.6000
96.8911 -1.7534 1.6000
144.8350 -7.7534 1.6000
107.3460 -6.2534 1.6000
106.8450 -8.7534 1.6000
146.6330 -8.7534 1.6000
122.3230 -2.7534 1.6000
112.9700 -2.7534 1.6000
108.8550 -8.7534 1.6000
114.1350 -6.2534 1.6000
132.0080 -5.2534 1.6000
108.6150 -2.7534 1.6000
104.4650 -8.7534 1.6000
129.4100 -8.7534 1.6000
136.4100 -8.7534 1.6000
117.8950 -9.7534 1.6000
125.2770 -6.2534 1.6000
101.0290 -5.2534 1.6000
142.5370 -8.7534 1.6000
127.7610 -9.7534 1.6000
108.4870 -0.7534 1.6000
142.1080 -8.7534 1.6000
133.8730 -8.7534 1.6000
130.0490 -8.7534 1.6000
142.9510 -7.7534 1.6000
144.2440 -1.7534 1.6000
95.6325 -5.2534 1.6000
135.9360 -2.7534 1.6000
131.9680 -8.7534 1.6000
98.9998 -5.2534 1.6000
106.2660 -6.2534 1.6000
144.1840 -0.7534 1.6000
133.0640 -8.7534 1.6000
143.9870 -8.7534 1.6000
122.5700 -2.7534 1.6000
110.9130 -6.2534 1.6000
120.9100 -9.7534 1.6000
105.6640 -2.7534 1.6000
138.1930 -8.7534 1.6000
125.4620 -9.7534 1.6000
103.5900 -4.2534 1.6000
124.2720 -2.7534 1.6000
95.3616 -7.7534 1.6000
133.3620 -2.7534 1.6000
125.8170 -9.7534 1.6000
146.3850 -1.7534 1.6000
128.1540 -6.2534 1.6000
135.8420 -8.7534 1.6000
104.8530 -2.7534 1.6000
111.4730 -6.2534 1.6000
105.7720 -5.2534 1.6000
110.5220 -4.2534 1.6000
112.2630 -7.7534 1.6000
119.9120 -0.7534 1.6000
135.1570 -8.7534 1.6000
117.5350 -6.2534 1.6000
97.4170 -8.7534 1.6000
141.5940 -4.2534 1.6000
109.3400 -8.7534 1.6000
104.0120 -2.7534 1.6000
102.5580 -8.7534 1.6000
146.8510 -8.7534 1.6000
127.6900 -6.2534 1.6000
113.0020 -9.7534 1.6000
135.1410 -4.2534 1.6000
147.4800 -5.2534 1.6000
122.5330 -6.2534 1.6000
104.6030 -2.7534 1.6000
130.1810 -9.7534 1.6000
98.9278 -8.7534 1.6000
105.9280 -8.7534 1.6000
147.2420 -5.2534 1.6000
102.9810 -8.7534 1.6000
146.8760 -8.7534 1.6000
117.2210 -6.2534 1.6000
137.9970 -4.2534 1.6000
113.4640 -9.7534 1.6000
127.4640 -9.7534 1.6000
121.5690 -2.7534 1.6000
111.2700 -6.2534 1.6000
105.8700 -5.2534 1.6000
100.0520 -1.7534 1.6000
119.5310 -9.7534 1.6000
94.5185 -8.7534 1.6000
125.9660 -6.2534 1.6000
132.3510 -2.7534 1.6000
116.9860 -5.2534 1.6000
145.1360 -4.2534 1.6000
111.7790 -9.7534 1.6000
140.3340 -7.7534 1.6000
124.3040 -2.7534 1.6000
122.8890 -4.2534 1.6000
105.8060 -9.7534 1.6000
110.5020 -2.7534 1.6000
117.8070 -7.7534 1.6000
121.3120 -6.2534 1.6000
136.8120 -1.7534 1.6000
104.8490 -7.7534 1.6000
149.9970 -2.7534 1.6000
120.6250 -2.7534 1.6000
123.6470 -6.2534 1.6000
122.1480 -9.7534 1.6000
110.0760 -6.2534 1.6000
96.5392 -8.7534 1.6000
140.3560 -5.2534 1.6000
147.3560 -5.2534 1.6000
109.7700 -6.2534 1.6000
108.1480 -2.7534 1.6000
136.8250 -8.7534 1.6000
142.9190 -0.7534 1.6000
114.4050 -9.7534 1.6000
139.6490 -1.7534 1.6000
105.8370 -8.7534 1.6000
137.3600 -8.7534 1.6000
114.3080 -6.2534 1.6000
131.8880 -7.7534 1.6000
111.1980 -9.7534 1.6000
115.2330 -1.7534 1.6000
120.6390 -0.7534 1.6000
99.3231 -5.2534 1.6000
138.5160 -0.7534 1.6000
103.7350 -1.7534 1.6000
98.5758 -8.7534 1.6000
142.9460 -5.2534 1.6000
127.1620 -6.2534 1.6000
115.7190 -0.7534 1.6000
134.7220 -5.2534 1.6000
107.6950 -8.7534 1.6000
145.8350 -1.7534 1.6000
105.9060 -5.2534 1.6000
111.4930 -2.7534 1.6000
112.8000 -0.7534 1.6000
134.8890 -2.7534 1.6000
96.5131 -5.2534 1.6000
137.8520 -5.2534 1.6000
142.7050 -5.2534 1.6000
104.8410 -4.2534 1.6000
141.1050 -8.7534 1.6000
125.3250 -6.2534 1.6000
129.2500 -8.7534 1.6000
114.2950 -9.7534 1.6000
133.9280 -5.2534 1.6000
142.4270 -5.2534 1.6000
126.4120 -6.2534 1.6000
93.6397 -8.7534 1.6000
110.0260 -2.7534 1.6000
103.2120 -8.7534 1.6000
139.5690 -8.7534 1.6000
121.3180 -6.2534 1.6000
95.1503 -5.2534 1.6000
136.7220 -5.2534 1.6000
114.3880 -2.7534 1.6000
139.8360 -0.7534 1.6000
92.8477 -7.7534 1.6000
119.2280 -9.7534 1.6000
140.2140 -8.7534 1.6000
136.6800 -5.2534 1.6000
119.9190 -9.7534 1.6000
106.7970 -6.2534 1.6000
127.4480 -6.2534 1.6000
126.0140 -9.7534 1.6000
137.5700 -5.2534 1.6000
129.7670 -2.7534 1.6000
94.7662 -1.7534 1.6000
124.6050 -7.7534 1.6000
109.8710 -9.7534 1.6000
123.9570 -4.2534 1.6000
109.9180 -2.7534 1.6000
125.6990 -9.7534 1.6000
123.5380 -6.2534 1.6000
101.3090 -5.2534 1.6000
101.9470 -5.2534 1.6000
109.7240 -9.7534 1.6000
141.4200 -1.7534 1.6000
135.7050 -8.7534 1.6000
117.8790 -4.2534 1.6000
112.5480 -2.7534 1.6000
106.0630 -6.2534 1.6000
126.2090 -7.7534 1.6000
100.7860 -5.2534 1.6000
111.8180 -9.7534 1.6000
149.7030 -8.7534 1.6000
111.6610 -6.2534 1.6000
107.7360 -6.2534 1.6000
117.8350 -0.7534 1.6000
96.4775 -8.7534 1.6000
124.8350 -0.7534 1.6000
120.6640 -4.2534 1.6000
135.3310 -8.7534 1.6000
133.3210 -2.7534 1.6000
123.4450 -7.7534 1.6000
109.3780 -8.7534 1.6000
136.5880 -2.7534 1.6000
133.7970 -8.7534 1.6000
144.3500 -8.7534 1.6000
116.8950 -2.7534 1.6000
115.7410 -4.2534 1.6000
127.0050 -9.7534 1.6000
131.5050 -8.7534 1.6000
115.7340 -9.7534 1.6000
125.9890 -6.2534 1.6000
122.7340 -9.7534 1.6000
105.2380 -8.7534 1.6000
100.5390 -8.7534 1.6000
120.8710 -6.2534 1.6000
110.5800 -2.7534 1.6000
142.4750 -8.7534 1.6000
124.5480 -9.7534 1.6000
131.6980 -5.2534 1.6000
130.7460 -8.7534 1.6000
118.5340 -6.2534 1.6000
120.6480 -9.7534 1.6000
133.8170 -6.2534 1.6000
106.5860 -1.7534 1.6000
128.9360 -8.7534 1.6000
119.5460 -0.7534 1.6000
100.8810 -8.7534 1.6000
102.9360 -1.7534 1.6000
135.0320 -2.7534 1.6000
99.5155 -5.2534 1.6000
137.1530 -7.7534 1.6000
106.5160 -5.2534 1.6000
121.2360 -6.2534 1.6000
124.0340 -2.7534 1.6000
146.1740 -5.2534 1.6000
106.9870 -6.2534 1.6000
130.9120 -8.7534 1.6000
113.4490 -9.7534 1.6000
139.1050 -1.7534 1.6000
141.6140 -8.7534 1.6000
130.8960 -8.7534 1.6000
101.1100 -1.7534 1.6000
144.9180 -5.2534 1.6000
92.4407 -7.7534 1.6000
145.6810 -8.7534 1.6000
101.4190 -5.2534 1.6000
120.9580 -4.2534 1.6000
95.3127 -1.7534 1.6000
123.9290 -7.7534 1.6000
107.5670 -8.7534 1.6000
96.5685 -8.7534 1.6000
112.3200 -6.2534 1.6000
129.4450 -6.2534 1.6000
139.4590 -8.7534 1.6000
131.6230 -6.2534 1.6000
106.2900 -2.7534 1.6000
113.9290 -2.7534 1.6000
130.8620 -8.7534 1.6000
145.0710 -5.2534 1.6000
137.8620 -8.7534 1.6000
149.8260 -7.7534 1.6000
128.5160 -8.7534 1.6000
143.2660 -1.7534 1.6000
93.0713 -5.2534 1.6000
90.2961 -7.7534 1.6000
144.5180 -8.7534 1.6000
104.9430 -5.2534 1.6000
112.0750 -2.7534 1.6000
136.5930 -2.7534 1.6000
103.2540 -8.7534 1.6000
102.3400 -1.7534 1.6000
127.6760 -2.7534 1.6000
106.8540 -8.7534 1.6000
133.0340 -2.7534 1.6000
135.6590 -5.2534 1.6000
130.9840 -6.2534 1.6000
126.0340 -2.7534 1.6000
122.5390 -7.7534 1.6000
124.6020 -2.7534 1.6000
104.4500 -1.7534 1.6000
115.5390 -9.7534 1.6000
105.4660 -0.7534 1.6000
97.2952 -0.7534 1.6000
120.8020 -9.7534 1.6000
96.8001 -4.2534 1.6000
109.9170 -7.7534 1.6000
145.6620 -0.7534 1.6000
104.8340 -8.7534 1.6000
134.0220 -1.7534 1.6000
128.7070 -2.7534 1.6000
110.2020 -9.7534 1.6000
140.7390 -1.7534 1.6000
95.1290 -5.2534 1.6000
146.6010 -5.2534 1.6000
118.2470 -2.7534 1.6000
138.4770 -8.7534 1.6000
112.0790 -6.2534 1.6000
111.5170 -6.2534 1.6000
140.1210 -4.2534 1.6000
104.2400 -2.7534 1.6000
104.8640 -5.2534 1.6000
118.4620 -4.2534 1.6000
141.2140 -8.7534 1.6000
92.5685 -1.7534 1.6000
149.4290 -2.7534 1.6000
143.4880 -1.7534 1.6000
92.9744 -8.7534 1.6000
122.7750 -2.7534 1.6000
93.8896 -5.2534 1.6000
134.0790 -0.7534 1.6000
119.0920 -2.7534 1.6000
144.2060 -8.7534 1.6000
107.6700 -6.2534 1.6000
98.7966 -0.7534 1.6000
120.4950 -9.7534 1.6000
123.2670 -6.2534 1.6000
127.4950 -9.7534 1.6000
134.0780 -8.7534 1.6000
138.3500 -5.2534 1.6000
98.1117 -0.7534 1.6000
112.1070 -2.7534 1.6000
101.5170 -5.2534 1.6000
91.7139 -7.7534 1.6000
141.1080 -7.7534 1.6000
105.8790 -2.7534 1.6000
126.8490 -6.2534 1.6000
110.4380 -2.7534 1.6000
129.1210 -8.7534 1.6000
123.0310 -9.7534 1.6000
135.7540 -2.7534 1.6000
105.3040 -1.7534 1.6000
136.7100 -8.7534 1.6000
116.1320 -9.7534 1.6000
130.5360 -6.2534 1.6000
112.5180 -6.2534 1.6000
121.3570 -9.7534 1.6000
112.3500 -9.7534 1.6000
125.9230 -2.7534 1.6000
140.4710 -8.7534 1.6000
108.6950 -4.2534 1.6000
95.4053 -6.2534 1.6000
125.2530 -6.2534 1.6000
116.7100 -0.7534 1.6000
99.9393 -8.7534 1.6000
136.5430 -1.7534 1.6000
142.2170 -9.7534 1.6000
113.4380 -7.7534 1.6000
126.5840 -0.7534 1.6000
119.0080 -2.7534 1.6000
104.6620 -8.7534 1.6000
110.8210 -9.7534 1.6000
136.1340 -5.2534 1.6000
122.5260 -6.2534 1.6000
128.4040 -9.7534 1.6000
113.2010 -2.7534 1.6000
102.8570 -1.7534 1.6000
133.9280 -8.7534 1.6000
98.6065 -8.7534 1.6000
139.2540 -1.7534 1.6000
116.9490 -9.7534 1.6000
131.3090 -8.7534 1.6000
100.3620 -8.7534 1.6000
126.2310 -2.7534 1.6000
143.4780 -0.7534 1.6000
110.2110 -6.2534 1.6000
134.1660 -7.7534 1.6000
114.1950 -2.7534 1.6000
146.0610 -5.2534 1.6000
146.2100 -1.7534 1.6000
128.3680 -2.7534 1.6000
104.8910 -8.7534 1.6000
136.3590 -8.7534 1.6000
93.6303 -8.7534 1.6000
126.4200 -6.2534 1.6000
140.0190 -1.7534 1.6000
126.6250 -2.7534 1.6000
123.1110 -9.7534 1.6000
111.3290 -2.7534 1.6000
136.0290 -8.7534 1.6000
104.1870 -5.2534 1.6000
120.7320 -9.7534 1.6000
146.5830 -1.7534 1.6000
124.7690 -2.7534 1.6000
107.2210 -6.2534 1.6000
125.1860 -6.2534 1.6000
131.1100 -5.2534 1.6000
108.1060 -4.2534 1.6000
144.8970 -1.7534 1.6000
127.8740 -8.7534 1.6000
138.8220 -0.7534 1.6000
137.7590 -4.2534 1.6000
100.7990 -5.2534 1.6000
148.2700 -7.7534 1.6000
92.8166 -8.7534 1.6000
121.7350 -9.7534 1.6000
106.4020 -6.2534 1.6000
99.8166 -8.7534 1.6000
106.3390 -2.7534 1.6000
93.4788 -8.7534 1.6000
98.0368 -5.2534 1.6000
113.0480 -9.7534 1.6000
92.9889 -1.7534 1.6000
149.2670 -7.7534 1.6000
94.2144 -8.7534 1.6000
116.9610 -2.7534 1.6000
110.0420 -7.7534 1.6000
113.4860 -2.7534 1.6000
103.5740 -2.7534 1.6000
135.1500 -1.7534 1.6000
146.9150 -8.7534 1.6000
115.6760 -0.7534 1.6000
138.7950 -1.7534 1.6000
102.9010 -1.7534 1.6000
146.7440 -8.7534 1.6000
106.4600 -4.2534 1.6000
100.5010 -2.7534 1.6000
128.9400 -1.7534 1.6000
131.1370 -8.7534 1.6000
102.8110 -5.2534 1.6000
114.7350 -7.7534 1.6000
97.6215 -1.7534 1.6000
126.7480 -9.7534 1.6000
103.7260 -2.7534 1.6000
122.3630 -0.7534 1.6000
142.2190 -1.7534 1.6000
131.4310 -2.7534 1.6000
102.4490 -5.2534 1.6000
100.5520 -7.7534 1.6000
95.4493 -5.2534 1.6000
137.3790 -1.7534 1.6000
145.6040 -4.2534 1.6000
129.7760 -9.7534 1.6000
106.8960 -7.7534 1.6000
135.6190 -2.7534 1.6000
101.8670 -5.2534 1.6000
134.2880 -6.2534 1.6000
118.8250 -7.7534 1.6000
105.9080 -6.2534 1.6000
134.0930 -8.7534 1.6000
134.0110 -6.2534 1.6000
115.0400 -7.7534 1.6000
107.2100 -2.7534 1.6000
107.8690 -8.7534 1.6000
130.5670 -6.2534 1.6000
101.3430 -5.2534 1.6000
106.7750 -5.2534 1.6000
146.5540 -1.7534 1.6000
125.5140 -9.7534 1.6000
130.0140 -8.7534 1.6000
96.5482 -1.7534 1.6000
126.6290 -4.2534 1.6000
142.3950 -2.7534 1.6000
130.9970 -0.7534 1.6000
126.2680 -9.7534 1.6000
118.8910 -6.2534 1.6000
111.8910 -6.2534 1.6000
107.3910 -5.2534 1.6000
138.8270 -5.2534 1.6000
144.5220 -8.7534 1.6000
111.2660 -9.7534 1.6000
122.9110 -2.7534 1.6000
117.9730 -6.2534 1.6000
145.3380 -5.2534 1.6000
137.9870 -5.2534 1.6000
131.7300 -2.7534 1.6000
117.4110 -2.7534 1.6000
117.7410 -9.7534 1.6000
134.9090 -5.2534 1.6000
131.8360 -8.7534 1.6000
128.3710 -6.2534 1.6000
98.1871 -8.7534 1.6000
140.1570 -1.7534 1.6000
142.6300 -5.2534 1.6000
135.7870 -5.2534 1.6000
146.7300 -1.7534 1.6000
129.9920 -9.7534 1.6000
118.0330 -9.7534 1.6000
95.6221 -1.7534 1.6000
122.8030 -2.7534 1.6000
110.1550 -2.7534 1.6000
95.3379 -7.7534 1.6000
133.4140 -5.2534 1.6000
111.9960 -9.7534 1.6000
104.9940 -8.7534 1.6000
135.2710 -1.7534 1.6000
96.2296 -5.2534 1.6000
97.0117 -8.7534 1.6000
138.7250 -8.7534 1.6000
115.4090 -9.7534 1.6000
108.8990 -8.7534 1.6000
109.6830 -0.7534 1.6000
114.0650 -4.2534 1.6000
132.2730 -5.2534 1.6000
127.9180 -2.7534 1.6000
99.5761 -8.7534 1.6000
116.4920 -9.7534 1.6000
106.2030 -6.2534 1.6000
134.7120 -5.2534 1.6000
95.2611 -8.7534 1.6000
97.2611 -8.7534 1.6000
146.7580 -8.7534 1.6000
101.3600 -7.7534 1.6000
115.6990 -9.7534 1.6000
135.4050 -1.7534 1.6000
140.9800 -9.7534 1.6000
95.4408 -8.7534 1.6000
136.7570 -5.2534 1.6000
112.4940 -9.7534 1.6000
118.1530 -2.7534 1.6000
115.3630 -6.2534 1.6000
96.3013 -0.7534 1.6000
137.3100 -8.7534 1.6000
128.6280 -2.7534 1.6000
139.0860 -8.7534 1.6000
111.3610 -2.7534 1.6000
144.3050 -1.7534 1.6000
104.9210 -5.2534 1.6000
94.3935 -1.7534 1.6000
114.8810 -9.7534 1.6000
134.4880 -7.7534 1.6000
99.0424 -8.7534 1.6000
140.7900 -1.7534 1.6000
136.2900 -2.7534 1.6000
133.0950 -8.7534 1.6000
116.9430 -9.7534 1.6000
133.5350 -4.2534 1.6000
127.4510 -9.7534 1.6000
114.9250 -2.7534 1.6000
126.3260 -2.7534 1.6000
142.0580 -0.7534 1.6000
120.4710 -6.2534 1.6000
93.2806 -5.2534 1.6000
111.0050 -8.7534 1.6000
112.2150 -9.7534 1.6000
107.4760 -2.7534 1.6000
93.5741 -5.2534 1.6000
104.2230 -8.7534 1.6000
136.3220 -8.7534 1.6000
106.3290 -5.2534 1.6000
96.5274 -1.7534 1.6000
144.3530 -8.7534 1.6000
129.6500 -4.2534 1.6000
124.6890 -7.7534 1.6000
139.0720 -8.7534 1.6000
133.7520 -2.7534 1.6000
100.6270 -1.7534 1.6000
105.8590 -6.2534 1.6000
130.4200 -9.7534 1.6000
114.7140 -9.7534 1.6000
117.7950 -2.7534 1.6000
142.3760 -8.7534 1.6000
116.4750 -4.2534 1.6000
119.6550 -9.7534 1.6000
106.9730 -7.7534 1.6000
124.0780 -9.7534 1.6000
106.7370 -2.7534 1.6000
126.0970 -2.7534 1.6000
123.1380 -6.2534 1.6000
133.8300 -8.7534 1.6000
97.1489 -8.7534 1.6000
145.3010 -8.7534 1.6000
128.6090 -6.2534 1.6000
110.0660 -8.7534 1.6000
141.1750 -8.7534 1.6000
100.9120 -5.2534 1.6000
132.7490 -5.2534 1.6000
105.3360 -0.7534 1.6000
132.5110 -2.7534 1.6000
94.1391 -1.7534 1.6000
104.8380 -8.7534 1.6000
126.2660 -9.7534 1.6000
124.0780 -0.7534 1.6000
142.8820 -5.2534 1.6000
138.1500 -8.7534 1.6000
101.2360 -1.7534 1.6000
136.5360 -2.7534 1.6000
93.7154 -7.7534 1.6000
95.0000 -8.7534 1.6000
120.9000 -2.7534 1.6000
113.0630 -9.7534 1.6000
105.4530 -8.7534 1.6000
127.0700 -9.7534 1.6000
141.0250 -1.7534 1.6000
105.3730 -4.2534 1.6000
141.7730 -7.7534 1.6000
97.5563 -8.7534 1.6000
128.8470 -4.2534 1.6000
119.6970 -2.7534 1.6000
115.0100 -9.7534 1.6000
147.0700 -8.7534 1.6000
128.5370 -0.7534 1.6000
106.6550 -5.2534 1.6000
102.1550 -4.2534 1.6000
146.8510 -4.2534 1.6000
112.8210 -4.2534 1.6000
145.7650 -1.7534 1.6000
130.8300 -9.7534 1.6000
107.0970 -0.7534 1.6000
143.3990 -4.2534 1.6000
92.6337 -5.2534 1.6000
125.6370 -7.7534 1.6000
100.8080 -1.7534 1.6000
109.8810 -6.2534 1.6000
90.2358 -7.7534 1.6000
110.9980 -9.7534 1.6000
141.0500 -8.7534 1.6000
93.5784 -8.7534 1.6000
107.5780 -5.2534 1.6000
127.6870 -9.7534 1.6000
131.5570 -2.7534 1.6000
110.5760 -8.7534 1.6000
116.2750 -9.7534 1.6000
146.9490 -8.7534 1.6000
116.4290 -8.7534 1.6000
105.5460 -1.7534 1.6000
120.5610 -6.2534 1.6000
125.3250 -9.7534 1.6000
145.2790 -5.2534 1.6000
105.8760 -2.7534 1.6000
129.2920 -9.7534 1.6000
95.4803 -7.7534 1.6000
116.4180 -6.2534 1.6000
118.5610 -9.7534 1.6000
105.7260 -7.7534 1.6000
125.9990 -9.7534 1.6000
107.6950 -8.7534 1.6000
121.9200 -2.7534 1.6000
133.4770 -6.2534 1.6000
119.1950 -9.7534 1.6000
141.5860 -8.7534 1.6000
140.0900 -5.2534 1.6000
126.3840 -4.2534 1.6000
100.5740 -5.2534 1.6000
113.4430 -6.2534 1.6000
119.8820 -9.7534 1.6000
148.3780 -7.7534 1.6000
100.4030 -8.7534 1.6000
106.4090 -8.7534 1.6000
129.2860 -9.7534 1.6000
105.9520 -5.2534 1.6000
135.4370 -8.7534 1.6000
127.2180 -6.2534 1.6000
121.4860 -2.7534 1.6000
121.6350 -7.7534 1.6000
128.6350 -9.7534 1.6000
135.6390 -8.7534 1.6000
130.5510 -0.7534 1.6000
108.8620 -8.7534 1.6000
97.9357 -8.7534 1.6000
131.6900 -5.2534 1.6000
130.7080 -2.7534 1.6000
95.9217 -7.7534 1.6000
135.2930 -1.7534 1.6000
144.8070 -1.7534 1.6000
141.0970 -8.7534 1.6000
98.7424 -8.7534 1.6000
106.9990 -8.7534 1.6000
111.7100 -9.7534 1.6000
109.1110 -2.7534 1.6000
119.2860 -6.2534 1.6000
135.0180 -8.7534 1.6000
115.2550 -9.7534 1.6000
110.3010 -2.7534 1.6000
107.3960 -8.7534 1.6000
97.5092 -1.7534 1.6000
110.5480 -4.2534 1.6000
102.5230 -7.7534 1.6000
117.4090 -7.7534 1.6000
95.5286 -1.7534 1.6000
124.1430 -9.7534 1.6000
113.9110 -2.7534 1.6000
116.4030 -9.7534 1.6000
97.1536 -8.7534 1.6000
107.5460 -8.7534 1.6000
103.5760 -1.7534 1.6000
129.7710 -1.7534 1.6000
118.6630 -4.2534 1.6000
105.9050 -2.7534 1.6000
118.3270 -9.7534 1.6000
140.5110 -0.7534 1.6000
116.7570 -6.2534 1.6000
97.0926 -5.2534 1.6000
136.7290 -1.7534 1.6000
124.4610 -9.7534 1.6000
129.6150 -8.7534 1.6000
95.0914 -1.7534 1.6000
109.7110 -7.7534 1.6000
146.5880 -5.2534 1.6000
100.5110 -9.7534 1.6000
117.1010 -6.2534 1.6000
132.1870 -2.7534 1.6000
104.9710 -8.7534 1.6000
135.2270 -8.7534 1.6000
118.3100 -4.2534 1.6000
132.7210 -8.7534 1.6000
105.0590 -8.7534 1.6000
141.9430 -8.7534 1.6000
93.4609 -1.7534 1.6000
127.5800 -7.7534 1.6000
137.7340 -2.7534 1.6000
109.7780 -9.7534 1.6000
145.7130 -1.7534 1.6000
128.8290 -4.2534 1.6000
127.1200 -7.7534 1.6000
146.2310 -8.7534 1.6000
117.8890 -7.7534 1.6000
120.2210 -2.7534 1.6000
142.8750 -8.7534 1.6000
94.5168 -4.2534 1.6000
127.2630 -9.7534 1.6000
124.0880 -6.2534 1.6000
103.0220 -7.7534 1.6000
102.6150 -4.2534 1.6000
110.3320 -8.7534 1.6000
117.1560 -9.7534 1.6000
111.2800 -6.2534 1.6000
145.1130 -5.2534 1.6000
102.9380 -8.7534 1.6000
110.8260 -0.7534 1.6000
133.0780 -6.2534 1.6000
133.5050 -8.7534 1.6000
118.4150 -2.7534 1.6000
140.7740 -8.7534 1.6000
117.4710 -9.7534 1.6000
114.3930 -6.2534 1.6000
107.4870 -7.7534 1.6000
112.4810 -2.7534 1.6000
116.2310 -4.2534 1.6000
130.1800 -9.7534 1.6000
134.7280 -5.2534 1.6000
143.5190 -1.7534 1.6000
99.3054 -8.7534 1.6000
115.6060 -9.7534 1.6000
110.0780 -8.7534 1.6000
133.2470 -0.7534 1.6000
126.2470 -0.7534 1.6000
136.0620 -8.7534 1.6000
120.9450 -9.7534 1.6000
145.3170 -1.7534 1.6000
110.9470 -6.2534 1.6000
135.7580 -4.2534 1.6000
103.9060 -1.7534 1.6000
111.5410 -2.7534 1.6000
93.9382 -7.7534 1.6000
146.9110 -4.2534 1.6000
111.2440 -9.7534 1.6000
138.5110 -7.7534 1.6000
141.3270 -1.7534 1.6000
135.4060 -6.2534 1.6000
118.4700 -9.7534 1.6000
114.6340 -2.7534 1.6000
136.1560 -5.2534 1.6000
96.6555 -5.2534 1.6000
126.8400 -9.7534 1.6000
121.8580 -2.7534 1.6000
142.3850 -4.2534 1.6000
126.6700 -6.2534 1.6000
110.0260 -0.7534 1.6000
130.2150 -6.2534 1.6000
144.2080 -8.7534 1.6000
99.0052 -9.7534 1.6000
140.3150 -8.7534 1.6000
103.7220 -5.2534 1.6000
124.5920 -9.7534 1.6000
114.2950 -7.7534 1.6000
119.7800 -9.7534 1.6000
120.8960 -6.2534 1.6000
102.7460 -5.2534 1.6000
143.3830 -8.7534 1.6000
132.6600 -5.2534 1.6000
102.0480 -1.7534 1.6000
130.8590 -8.7534 1.6000
97.9639 -8.7534 1.6000
146.4160 -4.2534 1.6000
142.2530 -7.7534 1.6000
129.2730 -0.7534 1.6000
136.2730 -0.7534 1.6000
131.0250 -6.2534 1.6000
124.7610 -9.7534 1.6000
117.7610 -9.7534 1.6000
140.7470 -8.7534 1.6000
125.8480 -2.7534 1.6000
95.0658 -7.7534 1.6000
104.6340 -5.2534 1.6000
118.3200 -6.2534 1.6000
147.2060 -8.7534 1.6000
127.7260 -9.7534 1.6000
146.1700 -1.7534 1.6000
118.9500 -6.2534 1.6000
107.4720 -4.2534 1.6000
110.1000 -9.7534 1.6000
129.2630 -8.7534 1.6000
141.2590 -8.7534 1.6000
137.2670 -4.2534 1.6000
119.9180 -6.2534 1.6000
144.3080 -5.2534 1.6000
104.7290 -8.7534 1.6000
119.9750 -4.2534 1.6000
130.9300 -2.7534 1.6000
106.4260 -4.2534 1.6000
126.9750 -6.2534 1.6000
138.5310 -8.7534 1.6000
140.1650 -5.2534 1.6000
145.5310 -8.7534 1.6000
94.4645 -8.7534 1.6000
114.8430 -9.7534 1.6000
138.2530 -4.2534 1.6000
130.0030 -6.2534 1.6000
139.7710 -0.7534 1.6000
141.6940 -1.7534 1.6000
110.0280 -6.2534 1.6000
143.9420 -8.7534 1.6000
136.9420 -8.7534 1.6000
99.9071 -8.7534 1.6000
138.2180 -2.7534 1.6000
138.5450 -8.7534 1.6000
126.8380 -9.7534 1.6000
142.3750 -8.7534 1.6000
88.9780 -1.7534 1.6000
92.9968 -7.7534 1.6000
121.6610 -9.7534 1.6000
134.2680 -5.2534 1.6000
143.1220 -8.7534 1.6000
108.7500 -9.7534 1.6000
119.7640 -9.7534 1.6000
139.7020 -5.2534 1.6000
114.5390 -9.7534 1.6000
133.6500 -8.7534 1.6000
102.2430 -8.7534 1.6000
106.4570 -6.2534 1.6000
109.3020 -0.7534 1.6000
103.7370 -8.7534 1.6000
92.6255 -1.7534 1.6000
147.2160 -7.7534 1.6000
113.6380 -6.2534 1.6000
120.6380 -6.2534 1.6000
100.8860 -8.7534 1.6000
94.6565 -1.7534 1.6000
136.0880 -8.7534 1.6000
130.2350 -9.7534 1.6000
136.8940 -2.7534 1.6000
120.3090 -4.2534 1.6000
140.9070 -8.7534 1.6000
93.5990 -5.2534 1.6000
109.4340 -6.2534 1.6000
106.9410 -2.7534 1.6000
136.1790 -7.7534 1.6000
120.5400 -4.2534 1.6000
98.8252 -8.7534 1.6000
102.6830 -4.2534 1.6000
105.1330 -1.7534 1.6000
122.0770 -9.7534 1.6000
141.4150 -8.7534 1.6000
135.6290 -8.7534 1.6000
117.4910 -6.2534 1.6000
146.2560 -1.7534 1.6000
123.2960 -9.7534 1.6000
113.4440 -6.2534 1.6000
129.4940 -8.7534 1.6000
124.9940 -9.7534 1.6000
114.8900 -2.7534 1.6000
135.3110 -2.7534 1.6000
109.9870 -9.7534 1.6000
136.7070 -5.2534 1.6000
147.1730 -8.7534 1.6000
119.0310 -2.7534 1.6000
142.5010 -8.7534 1.6000
98.5030 -8.7534 1.6000
143.4630 -5.2534 1.6000
146.3720 -1.7534 1.6000
145.8750 -5.2534 1.6000
140.9780 -8.7534 1.6000
135.6030 -1.7534 1.6000
146.7440 -8.7534 1.6000
107.9790 -2.7534 1.6000
144.5230 -5.2534 1.6000
119.2580 -9.7534 1.6000
136.9950 -5.2534 1.6000
121.7080 -6.2534 1.6000
93.7318 -7.7534 1.6000
145.5970 -1.7534 1.6000
101.5280 -7.7534 1.6000
131.8850 -8.7534 1.6000
93.9986 -1.7534 1.6000
110.6150 -6.2534 1.6000
123.7090 -2.7534 1.6000
102.2230 -7.7534 1.6000
125.2010 -9.7534 1.6000
116.0790 -2.7534 1.6000
122.2270 -9.7534 1.6000
136.8090 -5.2534 1.6000
142.8600 -8.7534 1.6000
96.3048 -8.7534 1.6000
124.6240 -2.7534 1.6000
142.7140 -8.7534 1.6000
111.3400 -0.7534 1.6000
99.4439 -7.7534 1.6000
96.3154 -5.2534 1.6000
92.8532 -7.7534 1.6000
146.7240 -5.2534 1.6000
113.8980 -9.7534 1.6000
123.1580 -8.7534 1.6000
109.2610 -2.7534 1.6000
116.5240 -6.2534 1.6000
135.2060 -1.7534 1.6000
120.5840 -2.7534 1.6000
105.6070 -8.7534 1.6000
111.8820 -6.2534 1.6000
144.3880 -8.7534 1.6000
105.9290 -6.2534 1.6000
120.6120 -6.2534 1.6000
140.8450 -1.7534 1.6000
101.8710 -2.7534 1.6000
107.5500 -8.7534 1.6000
100.4970 -1.7534 1.6000
97.4846 -4.2534 1.6000
112.3500 -9.7534 1.6000
133.6080 -5.2534 1.6000
133.0590 -8.7534 1.6000
112.6190 -6.2534 1.6000
128.3200 -9.7534 1.6000
130.7850 -4.2534 1.6000
132.9960 -7.7534 1.6000
112.7060 -6.2534 1.6000
120.6060 -9.7534 1.6000
106.6730 -6.2534 1.6000
109.0390 -8.7534 1.6000
114.8610 -9.7534 1.6000
131.1070 -9.7534 1.6000
106.5430 -6.2534 1.6000
123.4760 -7.7534 1.6000
136.4160 -1.7534 1.6000
106.8520 -2.7534 1.6000
113.2500 -9.7534 1.6000
149.1710 -4.2534 1.6000
126.6560 -9.7534 1.6000
132.9810 -8.7534 1.6000
139.0610 -1.7534 1.6000
98.6095 -8.7534 1.6000
109.8270 -1.7534 1.6000
129.2450 -4.2534 1.6000
121.7810 -9.7534 1.6000
100.4690 -8.7534 1.6000
148.0700 -7.7534 1.6000
129.2050 -7.7534 1.6000
95.2968 -5.2534 1.6000
142.1310 -0.7534 1.6000
96.0804 -8.7534 1.6000
105.4870 -8.7534 1.6000
135.8060 -2.7534 1.6000
122.4340 -9.7534 1.6000
140.3060 -1.7534 1.6000
118.7820 -2.7534 1.6000
118.0540 -9.7534 1.6000
143.7260 -1.7534 1.6000
119.9520 -4.2534 1.6000
132.5480 -8.7534 1.6000
104.8310 -7.7534 1.6000
143.8680 -7.7534 1.6000
100.2660 -6.2534 1.6000
110.9350 -2.7534 1.6000
124.8120 -2.7534 1.6000
92.6473 -5.2534 1.6000
128.7150 -9.7534 1.6000
146.2610 -5.2534 1.6000
109.0980 -7.7534 1.6000
97.6836 -1.7534 1.6000
106.7670 -2.7534 1.6000
120.5720 -9.7534 1.6000
145.5230 -1.7534 1.6000
109.2420 -6.2534 1.6000
146.6550 -8.7534 1.6000
97.0005 -8.7534 1.6000
124.2980 -9.7534 1.6000
117.2980 -9.7534 1.6000
135.4790 -1.7534 1.6000
129.1820 -8.7534 1.6000
113.0830 -6.2534 1.6000
130.1010 -9.7534 1.6000
112.0280 -2.7534 1.6000
142.0800 -8.7534 1.6000
141.8280 -7.7534 1.6000
148.8280 -7.7534 1.6000
131.3410 -2.7534 1.6000
129.9670 -8.7534 1.6000
140.8630 -8.7534 1.6000
133.8630 -8.7534 1.6000
113.9880 -0.7534 1.6000
103.1510 -8.7534 1.6000
128.6830 -0.7534 1.6000
114.8200 -7.7534 1.6000
94.2175 -8.7534 1.6000
137.3060 -8.7534 1.6000
138.1790 -4.2534 1.6000
114.1860 -6.2534 1.6000
140.3230 -7.7534 1.6000
133.3230 -7.7534 1.6000
98.5709 -1.7534 1.6000
133.9480 -8.7534 1.6000
130.8580 -2.7534 1.6000
144.9820 -5.2534 1.6000
103.2900 -8.7534 1.6000
145.3500 -8.7534 1.6000
111.5200 -6.2534 1.6000
123.6410 -6.2534 1.6000
111.0530 -8.7534 1.6000
104.0470 -2.7534 1.6000
100.3280 -8.7534 1.6000
93.3277 -8.7534 1.6000
138.5420 -2.7534 1.6000
125.2850 -9.7534 1.6000
99.3376 -8.7534 1.6000
135.5660 -8.7534 1.6000
96.9364 -1.7534 1.6000
108.1780 -8.7534 1.6000
99.5644 -8.7534 1.6000
124.2900 -9.7534 1.6000
123.1960 -0.7534 1.6000
96.9660 -5.2534 1.6000
126.8520 -7.7534 1.6000
107.3520 -8.7534 1.6000
117.4700 -2.7534 1.6000
117.9790 -6.2534 1.6000
132.7310 -6.2534 1.6000
111.7840 -9.7534 1.6000
145.3720 -1.7534 1.6000
109.9770 -2.7534 1.6000
140.7170 -8.7534 1.6000
109.8600 -9.7534 1.6000
120.2960 -9.7534 1.6000
109.9510 -7.7534 1.6000
119.2860 -0.7534 1.6000
96.9437 -1.7534 1.6000
101.6090 -1.7534 1.6000
136.0590 -2.7534 1.6000
94.5543 -8.7534 1.6000
132.1220 -5.2534 1.6000
140.5740 -8.7534 1.6000
104.7330 -5.2534 1.6000
119.3140 -2.7534 1.6000
130.5470 -8.7534 1.6000
112.4470 -7.7534 1.6000
96.5657 -4.2534 1.6000
129.0010 -7.7534 1.6000
140.7420 -8.7534 1.6000
129.3440 -8.7534 1.6000
136.1460 -2.7534 1.6000
93.1591 -1.7534 1.6000
141.5380 -7.7534 1.6000
110.8690 -9.7534 1.6000
112.4070 -6.2534 1.6000
130.7090 -7.7534 1.6000
92.8159 -1.7534 1.6000
110.6300 -7.7534 1.6000
139.4730 -5.2534 1.6000
110.0780 -4.2534 1.6000
147.1120 -8.7534 1.6000
97.7379 -5.2534 1.6000
127.4840 -9.7534 1.6000
109.8500 -8.7534 1.6000
132.2870 -2.7534 1.6000
109.3450 -8.7534 1.6000
95.5757 -5.2534 1.6000
107.5540 -6.2534 1.6000
120.3260 -7.7534 1.6000
129.2200 -7.7534 1.6000
115.0600 -9.7534 1.6000
145.3720 -4.2534 1.6000
127.8830 -2.7534 1.6000
141.7530 -4.2534 1.6000
105.0750 -2.7534 1.6000
140.5650 -7.7534 1.6000
96.1678 -8.7534 1.6000
119.4250 -2.7534 1.6000
109.5550 -9.7534 1.6000
105.3030 -1.7534 1.6000
144.4970 -5.2534 1.6000
98.5127 -0.7534 1.6000
111.1410 -9.7534 1.6000
141.3800 -4.2534 1.6000
112.1080 -6.2534 1.6000
99.5716 -8.7534 1.6000
133.5290 -0.7534 1.6000
107.7740 -6.2534 1.6000
147.4820 -5.2534 1.6000
111.6950 -2.7534 1.6000
108.8110 -8.7534 1.6000
133.6520 -6.2534 1.6000
146.1590 -5.2534 1.6000
96.7689 -1.7534 1.6000
107.3030 -5.2534 1.6000
114.8910 -6.2534 1.6000
97.3031 -8.7534 1.6000
143.4510 -1.7534 1.6000
139.8890 -8.7534 1.6000
111.8170 -0.7534 1.6000
131.2010 -1.7534 1.6000
132.6850 -5.2534 1.6000
111.2320 -2.7534 1.6000
147.4350 -5.2534 1.6000
117.9490 -9.7534 1.6000
108.9510 -1.7534 1.6000
111.2460 -5.2534 1.6000
113.4510 -2.7534 1.6000
140.4810 -4.2534 1.6000
140.3540 -5.2534 1.6000
107.6160 -2.7534 1.6000
114.8720 -7.7534 1.6000
110.5040 -5.2534 1.6000
124.2530 -2.7534 1.6000
133.1440 -6.2534 1.6000
123.1060 -9.7534 1.6000
146.2610 -8.7534 1.6000
146.6700 -1.7534 1.6000
99.6218 -7.7534 1.6000
92.8300 -5.2534 1.6000
105.6610 -2.7534 1.6000
116.4170 -2.7534 1.6000
93.5829 -4.2534 1.6000
134.5610 -7.7534 1.6000
144.3460 -7.7534 1.6000
