UE positions (x y z)
138.9220 -5.2534 1.6000
106.3010 -7.7534 1.6000
138.1270 -1.7534 1.6000
129.5270 -2.7534 1.6000
117.7040 -6.2534 1.6000
135.5610 -2.7534 1.6000
146.2240 -8.7534 1.6000
138.3400 -8.7534 1.6000
132.2860 -6.2534 1.6000
130.1430 -8.7534 1.6000
108.2310 -8.7534 1.6000
135.3730 -1.7534 1.6000
105.7730 -8.7534 1.6000
100.8190 -5.2534 1.6000
105.4890 -0.7534 1.6000
118.4500 -0.7534 1.6000
115.6380 -6.2534 1.6000
135.2250 -8.7534 1.6000
100.9860 -8.7534 1.6000
140.5530 -1.7534 1.6000
112.6790 -9.7534 1.6000
94.4085 -1.7534 1.6000
99.1259 -5.2534 1.6000
133.6270 -5.2534 1.6000
93.0928 -5.2534 1.6000
129.0090 -2.7534 1.6000
118.9050 -9.7534 1.6000
126.5560 -6.2534 1.6000
121.0610 -2.7534 1.6000
138.7400 -8.7534 1.6000
116.4890 -9.7534 1.6000
109.0190 -8.7534 1.6000
93.2794 -5.2534 1.6000
137.9910 -0.7534 1.6000
98.4133 -1.7534 1.6000
101.3740 -8.7534 1.6000
121.5630 -1.7534 1.6000
104.7660 -7.7534 1.6000
100.2660 -8.7534 1.6000
142.1750 -8.7534 1.6000
97.6584 -5.2534 1.6000
128.3590 -9.7534 1.6000
112.6860 -9.7534 1.6000
108.1860 -8.7534 1.6000
114.9550 -6.2534 1.6000
147.6810 -9.7534 1.6000
138.8460 -1.7534 1.6000
122.5480 -2.7534 1.6000
122.7800 -6.2534 1.6000
137.0520 -8.7534 1.6000
108.1430 -0.7534 1.6000
144.8720 -1.7534 1.6000
118.6590 -9.7534 1.6000
131.1530 -9.7534 1.6000
113.0000 -8.7534 1.6000
95.5683 -5.2534 1.6000
110.6370 -2.7534 1.6000
142.7510 -8.7534 1.6000
137.1270 -5.2534 1.6000
133.9400 -8.7534 1.6000
104.8940 -1.7534 1.6000
142.2320 -6.2534 1.6000
123.6170 -9.7534 1.6000
110.2510 -6.2534 1.6000
99.8089 -1.7534 1.6000
115.8350 -9.7534 1.6000
126.4500 -9.7534 1.6000
130.9500 -8.7534 1.6000
100.5560 -1.7534 1.6000
94.7956 -8.7534 1.6000
131.7960 -2.7534 1.6000
105.6910 -8.7534 1.6000
95.2324 -8.7534 1.6000
108.2400 -2.7534 1.6000
129.5070 -9.7534 1.6000
110.1740 -9.7534 1.6000
130.2750 -9.7534 1.6000
103.1250 -8.7534 1.6000
147.0380 -5.2534 1.6000
143.1190 -8.7534 1.6000
132.4840 -5.2534 1.6000
113.1240 -9.7534 1.6000
121.0260 -9.7534 1.6000
112.1710 -2.7534 1.6000
118.6040 -0.7534 1.6000
130.0440 -9.7534 1.6000
136.7000 -5.2534 1.6000
145.6920 -8.7534 1.6000
125.2580 -2.7534 1.6000
96.3557 -5.2534 1.6000
134.0690 -8.7534 1.6000
98.3762 -1.7534 1.6000
147.0570 -8.7534 1.6000
109.8850 -7.7534 1.6000
99.3203 -7.7534 1.6000
145.0560 -5.2534 1.6000
104.8830 -1.7534 1.6000
137.0930 -5.2534 1.6000
107.8860 -9.7534 1.6000
129.6960 -8.7534 1.6000
98.0217 -5.2534 1.6000
113.8380 -2.7534 1.6000
135.0340 -8.7534 1.6000
145.0600 -0.7534 1.6000
114.4790 -5.2534 1.6000
140.1590 -5.2534 1.6000
129.0670 -8.7534 1.6000
113.2250 -2.7534 1.6000
137.9460 -2.7534 1.6000
112.8760 -8.7534 1.6000
122.3360 -6.2534 1.6000
127.4330 -9.7534 1.6000
145.9500 -8.7534 1.6000
140.6940 -5.2534 1.6000
98.0287 -7.7534 1.6000
125.2150 -9.7534 1.6000
105.1830 -6.2534 1.6000
138.3140 -8.7534 1.6000
97.8616 -8.7534 1.6000
107.4310 -9.7534 1.6000
142.0690 -5.2534 1.6000
97.2246 -9.7534 1.6000
123.0840 -9.7534 1.6000
130.0300 -8.7534 1.6000
97.7939 -8.7534 1.6000
112.9290 -9.7534 1.6000
96.7775 -1.7534 1.6000
119.9290 -9.7534 1.6000
142.7730 -1.7534 1.6000
110.8470 -4.2534 1.6000
99.8217 -8.7534 1.6000
145.8560 -8.7534 1.6000
97.7425 -8.7534 1.6000
109.0770 -2.7534 1.6000
120.0350 -4.2534 1.6000
129.1140 -7.7534 1.6000
122.7870 -6.2534 1.6000
95.4555 -9.7534 1.6000
132.1230 -2.7534 1.6000
108.8270 -7.7534 1.6000
108.9050 -4.2534 1.6000
140.1660 -8.7534 1.6000
132.6210 -2.7534 1.6000
133.1660 -8.7534 1.6000
144.7790 -5.2534 1.6000
103.6170 -5.2534 1.6000
140.4220 -1.7534 1.6000
124.2600 -2.7534 1.6000
97.7639 -8.7534 1.6000
120.1490 -9.7534 1.6000
107.8510 -6.2534 1.6000
118.7010 -6.2534 1.6000
102.1140 -1.7534 1.6000
106.6140 -2.7534 1.6000
110.7630 -8.7534 1.6000
117.2940 -1.7534 1.6000
110.8520 -8.7534 1.6000
109.6480 -6.2534 1.6000
123.6500 -2.7534 1.6000
137.0080 -8.7534 1.6000
99.6791 -1.7534 1.6000
145.8210 -0.7534 1.6000
120.6680 -9.7534 1.6000
98.9677 -5.2534 1.6000
132.9180 -5.2534 1.6000
125.8030 -9.7534 1.6000
114.1940 -2.7534 1.6000
144.6140 -1.7534 1.6000
134.0970 -2.7534 1.6000
146.3610 -5.2534 1.6000
105.0270 -5.2534 1.6000
95.0540 -1.7534 1.6000
104.5350 -5.2534 1.6000
128.7740 -9.7534 1.6000
101.7880 -1.7534 1.6000
123.3840 -2.7534 1.6000
145.8480 -5.2534 1.6000
144.6240 -1.7534 1.6000
133.8660 -5.2534 1.6000
122.4810 -2.7534 1.6000
135.2080 -8.7534 1.6000
102.2030 -8.7534 1.6000
128.6960 -9.7534 1.6000
99.3580 -5.2534 1.6000
134.6120 -6.2534 1.6000
103.2780 -5.2534 1.6000
129.8880 -1.7534 1.6000
110.9930 -9.7534 1.6000
121.5520 -6.2534 1.6000
138.8630 -1.7534 1.6000
131.8100 -6.2534 1.6000
125.4560 -9.7534 1.6000
121.8420 -2.7534 1.6000
144.8150 -5.2534 1.6000
94.6629 -8.7534 1.6000
116.6500 -9.7534 1.6000
141.6420 -1.7534 1.6000
121.0850 -6.2534 1.6000
97.1898 -5.2534 1.6000
131.8240 -8.7534 1.6000
103.0690 -1.7534 1.6000
102.0990 -8.7534 1.6000
121.6850 -9.7534 1.6000
134.5370 -5.2534 1.6000
94.2925 -1.7534 1.6000
101.4060 -7.7534 1.6000
138.5260 -5.2534 1.6000
102.9650 -5.2534 1.6000
130.5230 -6.2534 1.6000
108.0090 -8.7534 1.6000
108.0780 -2.7534 1.6000
120.4020 -9.7534 1.6000
99.6060 -6.2534 1.6000
95.1060 -5.2534 1.6000
107.3770 -8.7534 1.6000
97.8772 -9.7534 1.6000
128.2610 -6.2534 1.6000
104.1260 -1.7534 1.6000
95.8404 -5.2534 1.6000
134.8190 -8.7534 1.6000
125.9830 -2.7534 1.6000
116.1730 -2.7534 1.6000
96.6542 -9.7534 1.6000
130.8930 -9.7534 1.6000
108.9160 -8.7534 1.6000
136.3640 -2.7534 1.6000
133.9110 -5.2534 1.6000
126.7160 -9.7534 1.6000
114.9000 -4.2534 1.6000
101.8480 -1.7534 1.6000
127.3840 -6.2534 1.6000
137.4450 -5.2534 1.6000
122.6850 -9.7534 1.6000
113.5380 -2.7534 1.6000
124.7490 -6.2534 1.6000
123.8010 -2.7534 1.6000
103.2210 -5.2534 1.6000
139.6710 -5.2534 1.6000
122.1530 -2.7534 1.6000
144.8510 -8.7534 1.6000
139.1100 -8.7534 1.6000
103.3120 -5.2534 1.6000
145.9610 -5.2534 1.6000
114.3260 -2.7534 1.6000
143.3890 -8.7534 1.6000
133.5330 -4.2534 1.6000
115.1590 -2.7534 1.6000
138.8960 -5.2534 1.6000
95.9009 -6.2534 1.6000
116.9060 -2.7534 1.6000
127.8280 -9.7534 1.6000
145.5830 -5.2534 1.6000
120.4190 -9.7534 1.6000
132.0640 -8.7534 1.6000
140.0070 -5.2534 1.6000
131.1330 -1.7534 1.6000
145.5350 -1.7534 1.6000
94.8683 -1.7534 1.6000
129.7760 -9.7534 1.6000
93.8449 -5.2534 1.6000
127.3110 -9.7534 1.6000
143.9030 -8.7534 1.6000
109.7980 -2.7534 1.6000
101.8990 -5.2534 1.6000
119.3250 -2.7534 1.6000
94.8659 -5.2534 1.6000
109.0770 -7.7534 1.6000
116.3490 -7.7534 1.6000
109.2460 -5.2534 1.6000
131.1180 -2.7534 1.6000
140.3620 -8.7534 1.6000
124.7480 -6.2534 1.6000
109.8010 -2.7534 1.6000
106.4860 -8.7534 1.6000
116.0050 -6.2534 1.6000
100.5120 -1.7534 1.6000
101.0540 -8.7534 1.6000
95.5466 -5.2534 1.6000
142.6760 -1.7534 1.6000
106.5920 -2.7534 1.6000
124.0500 -2.7534 1.6000
119.6840 -6.2534 1.6000
96.0238 -5.2534 1.6000
107.7820 -6.2534 1.6000
110.5920 -8.7534 1.6000
98.3972 -5.2534 1.6000
96.3222 -8.7534 1.6000
118.1380 -9.7534 1.6000
126.1070 -9.7534 1.6000
138.6810 -8.7534 1.6000
119.7570 -4.2534 1.6000
105.1930 -7.7534 1.6000
124.6670 -4.2534 1.6000
100.5930 -8.7534 1.6000
110.0400 -9.7534 1.6000
136.5180 -8.7534 1.6000
136.4920 -8.7534 1.6000
118.5010 -9.7534 1.6000
126.9920 -7.7534 1.6000
143.9850 -8.7534 1.6000
142.0680 -8.7534 1.6000
98.0071 -8.7534 1.6000
136.9380 -4.2534 1.6000
141.2290 -0.7534 1.6000
138.0680 -5.2534 1.6000
99.6957 -5.2534 1.6000
110.9010 -6.2534 1.6000
145.4830 -0.7534 1.6000
123.6300 -2.7534 1.6000
137.5660 -5.2534 1.6000
104.0090 -8.7534 1.6000
118.6530 -9.7534 1.6000
98.6295 -5.2534 1.6000
146.1160 -8.7534 1.6000
130.5170 -2.7534 1.6000
112.6510 -2.7534 1.6000
105.3720 -2.7534 1.6000
128.0610 -9.7534 1.6000
133.7450 -5.2534 1.6000
128.9460 -6.2534 1.6000
137.1970 -7.7534 1.6000
98.2973 -8.7534 1.6000
112.0410 -5.2534 1.6000
138.1720 -5.2534 1.6000
141.4160 -1.7534 1.6000
115.8450 -7.7534 1.6000
144.3720 -8.7534 1.6000
104.1030 -5.2534 1.6000
143.8770 -8.7534 1.6000
146.4700 -5.2534 1.6000
121.1320 -9.7534 1.6000
136.1870 -5.2534 1.6000
94.9444 -1.7534 1.6000
99.5929 -8.7534 1.6000
139.7500 -8.7534 1.6000
105.7020 -5.2534 1.6000
123.9970 -2.7534 1.6000
120.4420 -6.2534 1.6000
97.0420 -8.7534 1.6000
104.7510 -8.7534 1.6000
133.5880 -8.7534 1.6000
127.1290 -1.7534 1.6000
116.5450 -6.2534 1.6000
125.9730 -8.7534 1.6000
136.3180 -8.7534 1.6000
110.4800 -7.7534 1.6000
94.4119 -8.7534 1.6000
130.0790 -9.7534 1.6000
130.3580 -9.7534 1.6000
105.9290 -8.7534 1.6000
134.3970 -5.2534 1.6000
128.2420 -2.7534 1.6000
97.5644 -1.7534 1.6000
107.5650 -5.2534 1.6000
139.8630 -8.7534 1.6000
104.7690 -8.7534 1.6000
103.5040 -1.7534 1.6000
142.6280 -8.7534 1.6000
111.1480 -6.2534 1.6000
96.5044 -1.7534 1.6000
100.2540 -8.7534 1.6000
122.4570 -2.7534 1.6000
108.4590 -8.7534 1.6000
121.5450 -9.7534 1.6000
125.5580 -2.7534 1.6000
132.9490 -9.7534 1.6000
121.6530 -7.7534 1.6000
133.6460 -5.2534 1.6000
117.6510 -9.7534 1.6000
117.7870 -2.7534 1.6000
96.4337 -8.7534 1.6000
143.2680 -5.2534 1.6000
102.4900 -5.2534 1.6000
123.4490 -4.2534 1.6000
115.8380 -4.2534 1.6000
136.9560 -8.7534 1.6000
121.9010 -2.7534 1.6000
139.9870 -8.7534 1.6000
128.9010 -2.7534 1.6000
102.6550 -7.7534 1.6000
126.6490 -9.7534 1.6000
138.2390 -8.7534 1.6000
103.4130 -1.7534 1.6000
138.4480 -5.2534 1.6000
136.6510 -0.7534 1.6000
106.8580 -6.2534 1.6000
99.3946 -8.7534 1.6000
101.9600 -5.2534 1.6000
120.7340 -9.7534 1.6000
97.5276 -8.7534 1.6000
119.5220 -6.2534 1.6000
112.5220 -6.2534 1.6000
105.8770 -8.7534 1.6000
101.0000 -5.2534 1.6000
144.8920 -1.7534 1.6000
120.6500 -9.7534 1.6000
118.8620 -6.2534 1.6000
130.3540 -2.7534 1.6000
133.6240 -7.7534 1.6000
106.1510 -2.7534 1.6000
124.1460 -4.2534 1.6000
138.6290 -8.7534 1.6000
133.0690 -9.7534 1.6000
116.6610 -2.7534 1.6000
114.6840 -9.7534 1.6000
111.2820 -1.7534 1.6000
131.1990 -6.2534 1.6000
102.0370 -8.7534 1.6000
103.5980 -8.7534 1.6000
120.1930 -9.7534 1.6000
146.7460 -1.7534 1.6000
140.2840 -8.7534 1.6000
93.7816 -1.7534 1.6000
137.4340 -8.7534 1.6000
106.2470 -8.7534 1.6000
120.8040 -6.2534 1.6000
118.4350 -9.7534 1.6000
123.9260 -6.2534 1.6000
130.5360 -9.7534 1.6000
112.8410 -2.7534 1.6000
115.2210 -2.7534 1.6000
132.8950 -5.2534 1.6000
127.6210 -9.7534 1.6000
132.5620 -8.7534 1.6000
105.6710 -6.2534 1.6000
138.2680 -8.7534 1.6000
129.0260 -2.7534 1.6000
146.6990 -8.7534 1.6000
101.0850 -8.7534 1.6000
122.0380 -1.7534 1.6000
92.6159 -1.7534 1.6000
123.5220 -4.2534 1.6000
97.5894 -8.7534 1.6000
120.5040 -9.7534 1.6000
135.6950 -0.7534 1.6000
146.2010 -8.7534 1.6000
119.1490 -2.7534 1.6000
98.1644 -7.7534 1.6000
125.4630 -6.2534 1.6000
130.8410 -8.7534 1.6000
142.3500 -5.2534 1.6000
143.5570 -8.7534 1.6000
126.8320 -9.7534 1.6000
93.5787 -8.7534 1.6000
110.1670 -0.7534 1.6000
146.7190 -8.7534 1.6000
107.6020 -6.2534 1.6000
126.9870 -2.7534 1.6000
133.8130 -8.7534 1.6000
122.8660 -2.7534 1.6000
130.2820 -4.2534 1.6000
148.8710 -0.7534 1.6000
109.2580 -9.7534 1.6000
123.8380 -9.7534 1.6000
143.6240 -5.2534 1.6000
102.6660 -5.2534 1.6000
126.3660 -9.7534 1.6000
135.7090 -5.2534 1.6000
96.7846 -1.7534 1.6000
130.8660 -8.7534 1.6000
94.5268 -5.2534 1.6000
127.0400 -2.7534 1.6000
132.2200 -6.2534 1.6000
130.0750 -8.7534 1.6000
141.8340 -1.7534 1.6000
108.1780 -4.2534 1.6000
144.4010 -8.7534 1.6000
125.9060 -9.7534 1.6000
110.8980 -7.7534 1.6000
103.8980 -7.7534 1.6000
114.5960 -2.7534 1.6000
138.7410 -1.7534 1.6000
115.0330 -6.2534 1.6000
121.3420 -2.7534 1.6000
100.7970 -8.7534 1.6000
95.4038 -5.2534 1.6000
121.3710 -2.7534 1.6000
112.6320 -9.7534 1.6000
131.2440 -5.2534 1.6000
137.2360 -1.7534 1.6000
101.3570 -8.7534 1.6000
105.1180 -5.2534 1.6000
114.9650 -9.7534 1.6000
117.4620 -6.2534 1.6000
134.0330 -8.7534 1.6000
122.8380 -2.7534 1.6000
129.8380 -2.7534 1.6000
93.3114 -8.7534 1.6000
105.7480 -6.2534 1.6000
141.8780 -8.7534 1.6000
130.3820 -8.7534 1.6000
141.4580 -1.7534 1.6000
122.9980 -9.7534 1.6000
113.2810 -9.7534 1.6000
97.8336 -5.2534 1.6000
121.8670 -1.7534 1.6000
144.4930 -8.7534 1.6000
105.6430 -4.2534 1.6000
112.6430 -4.2534 1.6000
120.1910 -4.2534 1.6000
145.2740 -5.2534 1.6000
108.3900 -8.7534 1.6000
124.7110 -9.7534 1.6000
96.3614 -1.7534 1.6000
104.0990 -8.7534 1.6000
125.5730 -5.2534 1.6000
123.1590 -2.7534 1.6000
132.5730 -5.2534 1.6000
118.3590 -9.7534 1.6000
111.3590 -9.7534 1.6000
119.1930 -6.2534 1.6000
131.4580 -8.7534 1.6000
140.0240 -6.2534 1.6000
118.2930 -9.7534 1.6000
105.5610 -7.7534 1.6000
138.8890 -8.7534 1.6000
136.7950 -5.2534 1.6000
114.2000 -7.7534 1.6000
126.4590 -4.2534 1.6000
108.7140 -5.2534 1.6000
103.3390 -8.7534 1.6000
124.6440 -4.2534 1.6000
109.4020 -0.7534 1.6000
136.1300 -2.7534 1.6000
123.9620 -2.7534 1.6000
122.3520 -9.7534 1.6000
107.1230 -2.7534 1.6000
125.9260 -6.2534 1.6000
146.7870 -5.2534 1.6000
145.4570 -1.7534 1.6000
131.1650 -6.2534 1.6000
128.8760 -8.7534 1.6000
116.2260 -2.7534 1.6000
103.7130 -8.7534 1.6000
105.7120 -6.2534 1.6000
136.6520 -8.7534 1.6000
140.9950 -8.7534 1.6000
131.8610 -2.7534 1.6000
126.4370 -6.2534 1.6000
129.4310 -9.7534 1.6000
121.8210 -2.7534 1.6000
112.3690 -9.7534 1.6000
95.6699 -5.2534 1.6000
128.8210 -2.7534 1.6000
125.3010 -2.7534 1.6000
128.4440 -9.7534 1.6000
139.1680 -8.7534 1.6000
133.2080 -2.7534 1.6000
136.2870 -2.7534 1.6000
142.4520 -8.7534 1.6000
116.8930 -2.7534 1.6000
108.2620 -8.7534 1.6000
105.3200 -2.7534 1.6000
98.9538 -8.7534 1.6000
147.1710 -8.7534 1.6000
98.4586 -1.7534 1.6000
144.4970 -1.7534 1.6000
130.9600 -5.2534 1.6000
120.6260 -9.7534 1.6000
138.4640 -8.7534 1.6000
93.3376 -1.7534 1.6000
111.5550 -6.2534 1.6000
104.9130 -5.2534 1.6000
104.5310 -2.7534 1.6000
134.3660 -5.2534 1.6000
95.5321 -8.7534 1.6000
137.9600 -8.7534 1.6000
106.5330 -5.2534 1.6000
97.0810 -5.2534 1.6000
130.5130 -9.7534 1.6000
138.8240 -8.7534 1.6000
121.9480 -2.7534 1.6000
126.7070 -6.2534 1.6000
129.6650 -9.7534 1.6000
104.0440 -6.2534 1.6000
96.0372 -1.7534 1.6000
120.6120 -8.7534 1.6000
102.0320 -5.2534 1.6000
139.9540 -1.7534 1.6000
130.1120 -7.7534 1.6000
144.1570 -5.2534 1.6000
116.9570 -7.7534 1.6000
134.5480 -8.7534 1.6000
137.1570 -5.2534 1.6000
124.8960 -4.2534 1.6000
112.9340 -1.7534 1.6000
129.2870 -0.7534 1.6000
112.0120 -6.2534 1.6000
118.1700 -4.2534 1.6000
131.6930 -8.7534 1.6000
107.6550 -2.7534 1.6000
129.6830 -2.7534 1.6000
140.8140 -1.7534 1.6000
118.3140 -9.7534 1.6000
98.7735 -1.7534 1.6000
103.9920 -2.7534 1.6000
111.2500 -2.7534 1.6000
140.9140 -7.7534 1.6000
118.2500 -2.7534 1.6000
131.1710 -9.7534 1.6000
121.3410 -0.7534 1.6000
137.4880 -2.7534 1.6000
100.4730 -1.7534 1.6000
111.8410 -1.7534 1.6000
111.2800 -8.7534 1.6000
93.5292 -8.7534 1.6000
147.2650 -9.7534 1.6000
105.8190 -6.2534 1.6000
130.9170 -8.7534 1.6000
119.9600 -9.7534 1.6000
109.4560 -1.7534 1.6000
136.1920 -1.7534 1.6000
132.1210 -5.2534 1.6000
136.6170 -1.7534 1.6000
118.0120 -6.2534 1.6000
110.6780 -9.7534 1.6000
107.7470 -2.7534 1.6000
120.9890 -9.7534 1.6000
103.0360 -8.7534 1.6000
141.0910 -7.7534 1.6000
129.6610 -2.7534 1.6000
107.4310 -4.2534 1.6000
97.0039 -1.7534 1.6000
102.9310 -5.2534 1.6000
130.3150 -9.7534 1.6000
114.5580 -1.7534 1.6000
146.6950 -5.2534 1.6000
140.2570 -8.7534 1.6000
137.9990 -1.7534 1.6000
147.3710 -8.7534 1.6000
136.9220 -8.7534 1.6000
115.3990 -4.2534 1.6000
142.5810 -5.2534 1.6000
101.6260 -5.2534 1.6000
110.5320 -8.7534 1.6000
147.7570 -9.7534 1.6000
147.0130 -1.7534 1.6000
136.0050 -7.7534 1.6000
132.6620 -4.2534 1.6000
143.7110 -8.7534 1.6000
144.6430 -5.2534 1.6000
110.4670 -7.7534 1.6000
108.7060 -2.7534 1.6000
125.8930 -9.7534 1.6000
108.0580 -2.7534 1.6000
126.1250 -9.7534 1.6000
114.5330 -6.2534 1.6000
101.0380 -8.7534 1.6000
102.0740 -5.2534 1.6000
135.3680 -8.7534 1.6000
124.2160 -2.7534 1.6000
93.2954 -8.7534 1.6000
105.5130 -2.7534 1.6000
129.4090 -6.2534 1.6000
139.3020 -7.7534 1.6000
97.7576 -8.7534 1.6000
130.8510 -6.2534 1.6000
101.1970 -1.7534 1.6000
115.2550 -6.2534 1.6000
137.1280 -5.2534 1.6000
100.8440 -1.7534 1.6000
124.1430 -9.7534 1.6000
94.3661 -5.2534 1.6000
117.1430 -9.7534 1.6000
146.0260 -9.7534 1.6000
97.1319 -8.7534 1.6000
107.6810 -5.2534 1.6000
110.7920 -8.7534 1.6000
132.4960 -2.7534 1.6000
110.2840 -8.7534 1.6000
105.4040 -5.2534 1.6000
116.6060 -9.7534 1.6000
142.9670 -8.7534 1.6000
135.0340 -8.7534 1.6000
130.5340 -9.7534 1.6000
119.5460 -9.7534 1.6000
100.0910 -1.7534 1.6000
138.3380 -4.2534 1.6000
130.4860 -4.2534 1.6000
146.4130 -8.7534 1.6000
96.9236 -8.7534 1.6000
145.3030 -1.7534 1.6000
137.5570 -8.7534 1.6000
103.9800 -2.7534 1.6000
120.9380 -6.2534 1.6000
106.8340 -5.2534 1.6000
102.0710 -7.7534 1.6000
134.8180 -5.2534 1.6000
133.2410 -8.7534 1.6000
134.7360 -5.2534 1.6000
126.5790 -7.7534 1.6000
130.2360 -6.2534 1.6000
114.7900 -8.7534 1.6000
138.7240 -1.7534 1.6000
137.2120 -5.2534 1.6000
118.3250 -6.2534 1.6000
112.1870 -9.7534 1.6000
133.8040 -5.2534 1.6000
94.5223 -1.7534 1.6000
128.2070 -9.7534 1.6000
115.1130 -6.2534 1.6000
128.3420 -2.7534 1.6000
119.9220 -9.7534 1.6000
131.6700 -8.7534 1.6000
111.4070 -2.7534 1.6000
133.9160 -6.2534 1.6000
118.4070 -2.7534 1.6000
126.8150 -6.2534 1.6000
143.1160 -7.7534 1.6000
125.6020 -8.7534 1.6000
137.8360 -5.2534 1.6000
99.5596 -1.7534 1.6000
126.6340 -2.7534 1.6000
142.3380 -8.7534 1.6000
110.7410 -2.7534 1.6000
128.0420 -8.7534 1.6000
105.3920 -5.2534 1.6000
115.8900 -4.2534 1.6000
144.6280 -8.7534 1.6000
109.9890 -7.7534 1.6000
117.0310 -6.2534 1.6000
139.9040 -8.7534 1.6000
122.7990 -5.2534 1.6000
99.6558 -8.7534 1.6000
124.7500 -7.7534 1.6000
132.9150 -5.2534 1.6000
96.6739 -8.7534 1.6000
145.0070 -5.2534 1.6000
97.1761 -1.7534 1.6000
117.7240 -6.2534 1.6000
129.8150 -2.7534 1.6000
145.7130 -8.7534 1.6000
146.9440 -1.7534 1.6000
126.7420 -9.7534 1.6000
104.5280 -4.2534 1.6000
114.5100 -9.7534 1.6000
115.9840 -2.7534 1.6000
97.6723 -5.2534 1.6000
145.3260 -8.7534 1.6000
126.9380 -2.7534 1.6000
121.7320 -6.2534 1.6000
110.4720 -8.7534 1.6000
142.9390 -0.7534 1.6000
117.9340 -2.7534 1.6000
144.6790 -5.2534 1.6000
100.7280 -1.7534 1.6000
132.5250 -5.2534 1.6000
104.8580 -7.7534 1.6000
99.2805 -5.2534 1.6000
107.9920 -2.7534 1.6000
93.4745 -8.7534 1.6000
113.5100 -9.7534 1.6000
100.0710 -8.7534 1.6000
133.7750 -7.7534 1.6000
111.3170 -6.2534 1.6000
126.4350 -6.2534 1.6000
107.3940 -5.2534 1.6000
91.0246 -7.7534 1.6000
130.2110 -6.2534 1.6000
96.3767 -5.2534 1.6000
105.8580 -8.7534 1.6000
112.6680 -9.7534 1.6000
131.1780 -8.7534 1.6000
119.6680 -9.7534 1.6000
116.2210 -2.7534 1.6000
105.2440 -7.7534 1.6000
127.5630 -2.7534 1.6000
109.0510 -2.7534 1.6000
104.9900 -8.7534 1.6000
121.9960 -9.7534 1.6000
149.1860 -9.7534 1.6000
118.1270 -2.7534 1.6000
100.3470 -5.2534 1.6000
130.6810 -1.7534 1.6000
106.9430 -8.7534 1.6000
137.9940 -8.7534 1.6000
145.8570 -1.7534 1.6000
107.3130 -2.7534 1.6000
126.3500 -6.2534 1.6000
103.1710 -8.7534 1.6000
102.2540 -7.7534 1.6000
133.8740 -5.2534 1.6000
99.9738 -1.7534 1.6000
146.5250 -8.7534 1.6000
111.0920 -6.2534 1.6000
129.1960 -6.2534 1.6000
97.5485 -8.7534 1.6000
117.5660 -2.7534 1.6000
132.1320 -5.2534 1.6000
122.9270 -2.7534 1.6000
130.0820 -2.7534 1.6000
105.8540 -6.2534 1.6000
128.3520 -2.7534 1.6000
105.5870 -5.2534 1.6000
107.1030 -8.7534 1.6000
117.3310 -9.7534 1.6000
103.1500 -5.2534 1.6000
140.7140 -8.7534 1.6000
117.0560 -1.7534 1.6000
102.9940 -8.7534 1.6000
113.0400 -6.2534 1.6000
93.4204 -5.2534 1.6000
110.8700 -9.7534 1.6000
123.3320 -9.7534 1.6000
93.1656 -5.2534 1.6000
126.3780 -6.2534 1.6000
139.9960 -8.7534 1.6000
114.9290 -9.7534 1.6000
119.6000 -9.7534 1.6000
129.8060 -2.7534 1.6000
115.7530 -6.2534 1.6000
144.2140 -5.2534 1.6000
111.1260 -6.2534 1.6000
105.6200 -8.7534 1.6000
132.3690 -8.7534 1.6000
139.3690 -8.7534 1.6000
142.4630 -5.2534 1.6000
132.5470 -8.7534 1.6000
130.9760 -6.2534 1.6000
109.4040 -7.7534 1.6000
139.7350 -8.7534 1.6000
142.7630 -5.2534 1.6000
123.1560 -9.7534 1.6000
112.6900 -6.2534 1.6000
131.2780 -8.7534 1.6000
109.6110 -8.7534 1.6000
115.3850 -6.2534 1.6000
114.1110 -9.7534 1.6000
123.7100 -2.7534 1.6000
104.0780 -7.7534 1.6000
132.1020 -5.2534 1.6000
114.9300 -7.7534 1.6000
111.2950 -6.2534 1.6000
115.7480 -9.7534 1.6000
101.6880 -8.7534 1.6000
137.9430 -8.7534 1.6000
133.7400 -8.7534 1.6000
109.9350 -8.7534 1.6000
108.3630 -6.2534 1.6000
115.7150 -2.7534 1.6000
134.0550 -8.7534 1.6000
142.0090 -1.7534 1.6000
111.4740 -9.7534 1.6000
96.9240 -5.2534 1.6000
118.1880 -9.7534 1.6000
120.4220 -2.7534 1.6000
108.9250 -8.7534 1.6000
144.7550 -8.7534 1.6000
135.8740 -9.7534 1.6000
143.5010 -8.7534 1.6000
114.1390 -2.7534 1.6000
100.6360 -8.7534 1.6000
136.1510 -2.7534 1.6000
104.8160 -5.2534 1.6000
116.7130 -9.7534 1.6000
140.4350 -5.2534 1.6000
118.0040 -2.7534 1.6000
107.4120 -2.7534 1.6000
106.0940 -5.2534 1.6000
98.6790 -8.7534 1.6000
131.6360 -5.2534 1.6000
118.5910 -2.7534 1.6000
116.1200 -7.7534 1.6000
92.7544 -8.7534 1.6000
144.3520 -1.7534 1.6000
123.4990 -9.7534 1.6000
143.0380 -8.7534 1.6000
126.0420 -2.7534 1.6000
95.0536 -6.2534 1.6000
99.8772 -8.7534 1.6000
126.2190 -9.7534 1.6000
116.2250 -7.7534 1.6000
96.9421 -8.7534 1.6000
142.4900 -1.7534 1.6000
110.0020 -8.7534 1.6000
120.5130 -0.7534 1.6000
138.0940 -5.2534 1.6000
92.9230 -8.7534 1.6000
107.4790 -2.7534 1.6000
102.2560 -8.7534 1.6000
125.2620 -6.2534 1.6000
118.9730 -2.7534 1.6000
111.2620 -6.2534 1.6000
126.3350 -2.7534 1.6000
97.3940 -5.2534 1.6000
102.8460 -8.7534 1.6000
131.4540 -8.7534 1.6000
114.8130 -4.2534 1.6000
113.4520 -2.7534 1.6000
120.2310 -6.2534 1.6000
136.0550 -8.7534 1.6000
95.4686 -1.7534 1.6000
110.6610 -9.7534 1.6000
92.5911 -8.7534 1.6000
143.5970 -5.2534 1.6000
104.7490 -5.2534 1.6000
128.8580 -9.7534 1.6000
97.5615 -8.7534 1.6000
128.2190 -6.2534 1.6000
145.7240 -8.7534 1.6000
137.3470 -8.7534 1.6000
113.9040 -9.7534 1.6000
98.5125 -1.7534 1.6000
130.3470 -8.7534 1.6000
126.9230 -6.2534 1.6000
126.4490 -8.7534 1.6000
92.5277 -1.7534 1.6000
132.9180 -2.7534 1.6000
126.3480 -9.7534 1.6000
144.0650 -5.2534 1.6000
146.1950 -8.7534 1.6000
106.8920 -8.7534 1.6000
145.8240 -2.7534 1.6000
107.6980 -4.2534 1.6000
108.4100 -7.7534 1.6000
140.1530 -8.7534 1.6000
126.5620 -2.7534 1.6000
98.7736 -8.7534 1.6000
140.6660 -0.7534 1.6000
142.4450 -5.2534 1.6000
127.0130 -2.7534 1.6000
106.4640 -8.7534 1.6000
131.5190 -5.2534 1.6000
112.6500 -9.7534 1.6000
142.6280 -8.7534 1.6000
111.0420 -9.7534 1.6000
95.6017 -5.2534 1.6000
129.3510 -6.2534 1.6000
146.7690 -5.2534 1.6000
98.0064 -1.7534 1.6000
139.7400 -5.2534 1.6000
121.5350 -9.7534 1.6000
146.4840 -5.2534 1.6000
103.9990 -2.7534 1.6000
112.1760 -8.7534 1.6000
126.5670 -5.2534 1.6000
131.1720 -4.2534 1.6000
102.7480 -1.7534 1.6000
124.0670 -8.7534 1.6000
114.9490 -6.2534 1.6000
136.1030 -1.7534 1.6000
123.1840 -9.7534 1.6000
140.2410 -5.2534 1.6000
94.7489 -8.7534 1.6000
125.3030 -7.7534 1.6000
136.1630 -5.2534 1.6000
94.5092 -1.7534 1.6000
105.8710 -9.7534 1.6000
113.2700 -9.7534 1.6000
98.8628 -1.7534 1.6000
131.9450 -1.7534 1.6000
122.7800 -9.7534 1.6000
113.8630 -9.7534 1.6000
119.2240 -6.2534 1.6000
109.3630 -8.7534 1.6000
99.0113 -8.7534 1.6000
111.0930 -2.7534 1.6000
124.1910 -7.7534 1.6000
130.7290 -4.2534 1.6000
123.7290 -4.2534 1.6000
108.3890 -2.7534 1.6000
145.0010 -8.7534 1.6000
121.5530 -9.7534 1.6000
144.4470 -5.2534 1.6000
135.0380 -8.7534 1.6000
118.7600 -6.2534 1.6000
130.6600 -2.7534 1.6000
102.6210 -1.7534 1.6000
106.3190 -6.2534 1.6000
135.8010 -1.7534 1.6000
109.0670 -2.7534 1.6000
122.0930 -6.2534 1.6000
136.2430 -8.7534 1.6000
130.7590 -2.7534 1.6000
135.2590 -1.7534 1.6000
116.5880 -0.7534 1.6000
130.9660 -6.2534 1.6000
121.0270 -9.7534 1.6000
145.8420 -5.2534 1.6000
106.4480 -8.7534 1.6000
111.0160 -8.7534 1.6000
141.9860 -1.7534 1.6000
136.0390 -5.2534 1.6000
115.5160 -9.7534 1.6000
141.0160 -8.7534 1.6000
104.5500 -5.2534 1.6000
99.3168 -8.7534 1.6000
113.4020 -6.2534 1.6000
95.5003 -8.7534 1.6000
122.1430 -4.2534 1.6000
128.7470 -7.7534 1.6000
121.7470 -7.7534 1.6000
113.5980 -6.2534 1.6000
140.2730 -8.7534 1.6000
130.0470 -9.7534 1.6000
118.0100 -9.7534 1.6000
119.2870 -9.7534 1.6000
107.1660 -5.2534 1.6000
118.4130 -2.7534 1.6000
132.4670 -5.2534 1.6000
147.1860 -1.7534 1.6000
136.1950 -2.7534 1.6000
146.7280 -8.7534 1.6000
129.1360 -9.7534 1.6000
143.6770 -8.7534 1.6000
104.0520 -1.7534 1.6000
110.4410 -6.2534 1.6000
118.0290 -9.7534 1.6000
105.1320 -2.7534 1.6000
135.1070 -8.7534 1.6000
99.2455 -5.2534 1.6000
134.3660 -5.2534 1.6000
104.6950 -5.2534 1.6000
129.8710 -8.7534 1.6000
110.9270 -9.7534 1.6000
142.2690 -8.7534 1.6000
119.5320 -4.2534 1.6000
145.3970 -0.7534 1.6000
122.8790 -9.7534 1.6000
132.4940 -1.7534 1.6000
107.0710 -8.7534 1.6000
146.4100 -8.7534 1.6000
104.7560 -2.7534 1.6000
135.6780 -8.7534 1.6000
113.9600 -8.7534 1.6000
98.5278 -8.7534 1.6000
103.5200 -7.7534 1.6000
121.1100 -9.7534 1.6000
120.4790 -2.7534 1.6000
105.4500 -5.2534 1.6000
145.8620 -8.7534 1.6000
124.5560 -6.2534 1.6000
120.2980 -9.7534 1.6000
117.1600 -6.2534 1.6000
93.8268 -5.2534 1.6000
147.0400 -1.7534 1.6000
124.2160 -9.7534 1.6000
103.7420 -1.7534 1.6000
101.0490 -8.7534 1.6000
106.3180 -5.2534 1.6000
140.4780 -4.2534 1.6000
93.6598 -5.2534 1.6000
139.3800 -8.7534 1.6000
119.5720 -9.7534 1.6000
146.6800 -5.2534 1.6000
138.8170 -7.7534 1.6000
141.5600 -1.7534 1.6000
100.6340 -7.7534 1.6000
139.5590 -8.7534 1.6000
121.0260 -9.7534 1.6000
146.2220 -5.2534 1.6000
147.3550 -8.7534 1.6000
106.2660 -0.7534 1.6000
148.6050 -4.2534 1.6000
105.5550 -8.7534 1.6000
111.1230 -4.2534 1.6000
136.0470 -1.7534 1.6000
131.9870 -5.2534 1.6000
129.6880 -9.7534 1.6000
90.8535 -2.7534 1.6000
130.7070 -7.7534 1.6000
110.7430 -5.2534 1.6000
146.8410 -1.7534 1.6000
103.3140 -5.2534 1.6000
99.3559 -1.7534 1.6000
122.1820 -9.7534 1.6000
136.1300 -8.7534 1.6000
105.7430 -8.7534 1.6000
98.5468 -8.7534 1.6000
100.4730 -1.7534 1.6000
136.9530 -2.7534 1.6000
116.9740 -0.7534 1.6000
100.5070 -8.7534 1.6000
97.6929 -5.2534 1.6000
109.1220 -9.7534 1.6000
126.9230 -6.2534 1.6000
103.7060 -5.2534 1.6000
109.5590 -8.7534 1.6000
126.2200 -6.2534 1.6000
125.6140 -2.7534 1.6000
112.3850 -2.7534 1.6000
119.3850 -2.7534 1.6000
105.3850 -2.7534 1.6000
111.5930 -9.7534 1.6000
134.3180 -7.7534 1.6000
145.0550 -8.7534 1.6000
98.9105 -8.7534 1.6000
120.6040 -2.7534 1.6000
92.6384 -5.2534 1.6000
122.8400 -9.7534 1.6000
136.8610 -1.7534 1.6000
136.6580 -8.7534 1.6000
94.4157 -8.7534 1.6000
130.0970 -6.2534 1.6000
109.5110 -8.7534 1.6000
140.0240 -8.7534 1.6000
129.8140 -1.7534 1.6000
144.7630 -8.7534 1.6000
98.5558 -8.7534 1.6000
96.9990 -1.7534 1.6000
142.4270 -8.7534 1.6000
129.8480 -2.7534 1.6000
144.5240 -8.7534 1.6000
104.0490 -8.7534 1.6000
142.9240 -8.7534 1.6000
118.6630 -6.2534 1.6000
96.2271 -5.2534 1.6000
109.6370 -9.7534 1.6000
135.0750 -5.2534 1.6000
112.3990 -9.7534 1.6000
103.9990 -1.7534 1.6000
131.5390 -7.7534 1.6000
100.3730 -5.2534 1.6000
145.1530 -0.7534 1.6000
117.9000 -9.7534 1.6000
108.3230 -8.7534 1.6000
107.6550 -2.7534 1.6000
112.0300 -9.7534 1.6000
115.0130 -2.7534 1.6000
102.2710 -8.7534 1.6000
103.1710 -1.7534 1.6000
111.5110 -4.2534 1.6000
132.0130 -8.7534 1.6000
142.7050 -8.7534 1.6000
139.2830 -8.7534 1.6000
132.2830 -8.7534 1.6000
110.9750 -2.7534 1.6000
123.5860 -6.2534 1.6000
134.3010 -6.2534 1.6000
127.3010 -4.2534 1.6000
103.0990 -8.7534 1.6000
131.0210 -9.7534 1.6000
123.1920 -8.7534 1.6000
98.1616 -1.7534 1.6000
115.9880 -9.7534 1.6000
132.6920 -7.7534 1.6000
143.9680 -1.7534 1.6000
109.5730 -5.2534 1.6000
138.4420 -8.7534 1.6000
135.6660 -1.7534 1.6000
138.5230 -8.7534 1.6000
138.5530 -5.2534 1.6000
123.6910 -9.7534 1.6000
131.5230 -8.7534 1.6000
140.2280 -1.7534 1.6000
104.8020 -5.2534 1.6000
97.8019 -5.2534 1.6000
116.9580 -7.7534 1.6000
144.8010 -5.2534 1.6000
114.8740 -9.7534 1.6000
110.3740 -8.7534 1.6000
140.0530 -8.7534 1.6000
129.4940 -8.7534 1.6000
126.9450 -2.7534 1.6000
130.4310 -6.2534 1.6000
107.7280 -1.7534 1.6000
141.2900 -1.7534 1.6000
109.4070 -9.7534 1.6000
101.8770 -5.2534 1.6000
131.7000 -6.2534 1.6000
102.4290 -1.7534 1.6000
106.3640 -8.7534 1.6000
121.6930 -9.7534 1.6000
129.5220 -8.7534 1.6000
103.4040 -8.7534 1.6000
102.8960 -4.2534 1.6000
138.4080 -1.7534 1.6000
98.6638 -0.7534 1.6000
127.6800 -2.7534 1.6000
110.4690 -4.2534 1.6000
94.6687 -9.7534 1.6000
126.3040 -9.7534 1.6000
122.3350 -6.2534 1.6000
130.3560 -9.7534 1.6000
104.9800 -5.2534 1.6000
113.8760 -6.2534 1.6000
127.7690 -9.7534 1.6000
111.7230 -9.7534 1.6000
143.3830 -1.7534 1.6000
99.9507 -5.2534 1.6000
146.6980 -1.7534 1.6000
120.9620 -2.7534 1.6000
103.5970 -8.7534 1.6000
104.8840 -5.2534 1.6000
110.3980 -9.7534 1.6000
133.1020 -5.2534 1.6000
105.0360 -8.7534 1.6000
104.8780 -2.7534 1.6000
145.2370 -8.7534 1.6000
141.7600 -5.2534 1.6000
93.2186 -7.7534 1.6000
128.7420 -9.7534 1.6000
115.4930 -9.7534 1.6000
130.3700 -6.2534 1.6000
140.8600 -8.7534 1.6000
122.4930 -9.7534 1.6000
120.3130 -7.7534 1.6000
136.4000 -8.7534 1.6000
96.5617 -8.7534 1.6000
120.3920 -2.7534 1.6000
139.3670 -7.7534 1.6000
117.1790 -0.7534 1.6000
124.1790 -2.7534 1.6000
106.6320 -1.7534 1.6000
129.5460 -8.7534 1.6000
122.4110 -6.2534 1.6000
97.5646 -1.7534 1.6000
123.9300 -2.7534 1.6000
109.7170 -2.7534 1.6000
108.6290 -8.7534 1.6000
107.9390 -5.2534 1.6000
127.2540 -9.7534 1.6000
147.1330 -5.2534 1.6000
139.7470 -5.2534 1.6000
129.4340 -2.7534 1.6000
110.8400 -2.7534 1.6000
95.6384 -8.7534 1.6000
106.2840 -5.2534 1.6000
146.8020 -5.2534 1.6000
106.6620 -8.7534 1.6000
94.1053 -1.7534 1.6000
97.3245 -8.7534 1.6000
104.3240 -8.7534 1.6000
127.2710 -9.7534 1.6000
100.2470 -6.2534 1.6000
110.7100 -8.7534 1.6000
148.3690 -7.7534 1.6000
120.3430 -9.7534 1.6000
111.3170 -7.7534 1.6000
134.4380 -8.7534 1.6000
131.4030 -6.2534 1.6000
111.2510 -4.2534 1.6000
146.4660 -5.2534 1.6000
138.6570 -8.7534 1.6000
126.5560 -9.7534 1.6000
96.2968 -5.2534 1.6000
125.6880 -2.7534 1.6000
137.2240 -8.7534 1.6000
97.3502 -8.7534 1.6000
112.6910 -6.2534 1.6000
147.0630 -1.7534 1.6000
96.5092 -8.7534 1.6000
104.8100 -7.7534 1.6000
145.2750 -8.7534 1.6000
116.5140 -5.2534 1.6000
140.3010 -8.7534 1.6000
118.7380 -2.7534 1.6000
122.7510 -6.2534 1.6000
129.5570 -8.7534 1.6000
106.9430 -5.2534 1.6000
99.8675 -5.2534 1.6000
114.7570 -2.7534 1.6000
145.0920 -8.7534 1.6000
131.2610 -2.7534 1.6000
96.0413 -8.7534 1.6000
123.8930 -4.2534 1.6000
96.3070 -5.2534 1.6000
126.5030 -9.7534 1.6000
97.6294 -8.7534 1.6000
116.0410 -9.7534 1.6000
110.3290 -6.2534 1.6000
136.9680 -1.7534 1.6000
131.1130 -9.7534 1.6000
104.2520 -5.2534 1.6000
117.1450 -9.7534 1.6000
109.9920 -9.7534 1.6000
103.9150 -1.7534 1.6000
140.8040 -8.7534 1.6000
101.1760 -5.2534 1.6000
117.3050 -9.7534 1.6000
124.3050 -9.7534 1.6000
96.5741 -8.7534 1.6000
146.8290 -5.2534 1.6000
137.0490 -8.7534 1.6000
102.9890 -1.7534 1.6000
134.8800 -1.7534 1.6000
143.8040 -8.7534 1.6000
136.8040 -8.7534 1.6000
124.1380 -6.2534 1.6000
116.6900 -9.7534 1.6000
134.6740 -5.2534 1.6000
134.8210 -8.7534 1.6000
118.9890 -9.7534 1.6000
106.1630 -4.2534 1.6000
140.2250 -5.2534 1.6000
97.4770 -1.7534 1.6000
144.3370 -8.7534 1.6000
129.7100 -0.7534 1.6000
138.5000 -8.7534 1.6000
130.1830 -0.7534 1.6000
143.5770 -0.7534 1.6000
92.7820 -1.7534 1.6000
131.4340 -8.7534 1.6000
110.6060 -6.2534 1.6000
102.0200 -5.2534 1.6000
124.3940 -9.7534 1.6000
142.6280 -8.7534 1.6000
133.5270 -8.7534 1.6000
109.2000 -9.7534 1.6000
114.3280 -6.2534 1.6000
94.6382 -5.2534 1.6000
94.3530 -8.7534 1.6000
131.0420 -0.7534 1.6000
106.9090 -8.7534 1.6000
100.2680 -1.7534 1.6000
100.7280 -7.7534 1.6000
118.4270 -9.7534 1.6000
111.4270 -7.7534 1.6000
106.9010 -2.7534 1.6000
115.9190 -6.2534 1.6000
141.7470 -8.7534 1.6000
141.4970 -1.7534 1.6000
108.8540 -7.7534 1.6000
143.6150 -8.7534 1.6000
122.4150 -6.2534 1.6000
113.7060 -2.7534 1.6000
129.8030 -6.2534 1.6000
100.3790 -8.7534 1.6000
130.5950 -2.7534 1.6000
97.4788 -5.2534 1.6000
135.6840 -5.2534 1.6000
95.9895 -5.2534 1.6000
124.0050 -8.7534 1.6000
129.1620 -2.7534 1.6000
122.4540 -1.7534 1.6000
138.4680 -8.7534 1.6000
110.0070 -9.7534 1.6000
93.9584 -5.2534 1.6000
137.1860 -5.2534 1.6000
143.6660 -1.7534 1.6000
137.0470 -8.7534 1.6000
111.2000 -9.7534 1.6000
105.7830 -6.2534 1.6000
132.4100 -4.2534 1.6000
93.0472 -1.7534 1.6000
120.3580 -9.7534 1.6000
108.8430 -9.7534 1.6000
145.9080 -1.7534 1.6000
93.0425 -5.2534 1.6000
125.1940 -6.2534 1.6000
113.0040 -6.2534 1.6000
93.0258 -1.7534 1.6000
120.0030 -9.7534 1.6000
90.8499 -6.2534 1.6000
120.3710 -6.2534 1.6000
103.0360 -1.7534 1.6000
143.8970 -8.7534 1.6000
106.0140 -7.7534 1.6000
110.3930 -4.2534 1.6000
143.9140 -8.7534 1.6000
122.0860 -9.7534 1.6000
134.9160 -8.7534 1.6000
129.0330 -6.2534 1.6000
133.5330 -5.2534 1.6000
101.5380 -8.7534 1.6000
97.4465 -1.7534 1.6000
142.5210 -0.7534 1.6000
127.0670 -9.7534 1.6000
105.5220 -5.2534 1.6000
106.5510 -8.7534 1.6000
104.2640 -8.7534 1.6000
113.7640 -7.7534 1.6000
95.2351 -5.2534 1.6000
109.8100 -4.2534 1.6000
141.9180 -8.7534 1.6000
101.1680 -8.7534 1.6000
136.8610 -2.7534 1.6000
140.0790 -5.2534 1.6000
101.6150 -1.7534 1.6000
124.9900 -9.7534 1.6000
99.8867 -5.2534 1.6000
109.3820 -8.7534 1.6000
120.8000 -7.7534 1.6000
141.8480 -9.7534 1.6000
108.7930 -6.2534 1.6000
103.7190 -1.7534 1.6000
111.5630 -8.7534 1.6000
126.3610 -0.7534 1.6000
119.2570 -0.7534 1.6000
145.0040 -8.7534 1.6000
130.9180 -6.2534 1.6000
139.4540 -8.7534 1.6000
100.5060 -1.7534 1.6000
95.7529 -5.2534 1.6000
93.8250 -5.2534 1.6000
94.8406 -1.7534 1.6000
129.4490 -9.7534 1.6000
99.6901 -2.7534 1.6000
121.6890 -6.2534 1.6000
117.9180 -9.7534 1.6000
147.3270 -8.7534 1.6000
111.8740 -2.7534 1.6000
141.9060 -7.7534 1.6000
134.7730 -5.2534 1.6000
107.1290 -0.7534 1.6000
126.2100 -0.7534 1.6000
97.3937 -8.7534 1.6000
95.6407 -5.2534 1.6000
124.4650 -6.2534 1.6000
107.7190 -2.7534 1.6000
108.0720 -8.7534 1.6000
101.0720 -8.7534 1.6000
118.4940 -2.7534 1.6000
144.3210 -5.2534 1.6000
97.8361 -5.2534 1.6000
130.6050 -9.7534 1.6000
137.7390 -1.7534 1.6000
118.5800 -0.7534 1.6000
103.0900 -1.7534 1.6000
100.8240 -5.2534 1.6000
121.1140 -2.7534 1.6000
123.2810 -9.7534 1.6000
122.6010 -7.7534 1.6000
139.6890 -5.2534 1.6000
110.5900 -9.7534 1.6000
123.0330 -4.2534 1.6000
127.3540 -6.2534 1.6000
114.7690 -2.7534 1.6000
102.6290 -8.7534 1.6000
116.1760 -6.2534 1.6000
125.1190 -9.7534 1.6000
105.3050 -2.7534 1.6000
97.5707 -8.7534 1.6000
113.5120 -9.7534 1.6000
126.1490 -6.2534 1.6000
129.9480 -2.7534 1.6000
133.5490 -8.7534 1.6000
110.2040 -8.7534 1.6000
142.1270 -4.2534 1.6000
122.5210 -4.2534 1.6000
120.6890 -7.7534 1.6000
115.5210 -6.2534 1.6000
145.0320 -1.7534 1.6000
110.7380 -7.7534 1.6000
110.4240 -2.7534 1.6000
107.9270 -5.2534 1.6000
137.6560 -4.2534 1.6000
108.5100 -8.7534 1.6000
147.2040 -1.7534 1.6000
115.7540 -9.7534 1.6000
117.4250 -2.7534 1.6000
142.7220 -8.7534 1.6000
101.7830 -8.7534 1.6000
133.9760 -2.7534 1.6000
128.2070 -2.7534 1.6000
103.0400 -5.2534 1.6000
134.2570 -6.2534 1.6000
96.6233 -1.7534 1.6000
114.0660 -2.7534 1.6000
144.7620 -6.2534 1.6000
120.5280 -9.7534 1.6000
99.5353 -5.2534 1.6000
122.0620 -2.7534 1.6000
119.9560 -7.7534 1.6000
98.0925 -8.7534 1.6000
141.9400 -1.7534 1.6000
119.2580 -6.2534 1.6000
96.5553 -8.7534 1.6000
110.8440 -2.7534 1.6000
114.3330 -9.7534 1.6000
119.3560 -2.7534 1.6000
94.7937 -5.2534 1.6000
117.5010 -4.2534 1.6000
106.8310 -0.7534 1.6000
141.9840 -8.7534 1.6000
120.3850 -2.7534 1.6000
116.0710 -9.7534 1.6000
101.7720 -7.7534 1.6000
95.7417 -8.7534 1.6000
101.2990 -1.7534 1.6000
136.1360 -5.2534 1.6000
102.7420 -8.7534 1.6000
101.8250 -8.7534 1.6000
109.3660 -2.7534 1.6000
136.3050 -5.2534 1.6000
132.6060 -2.7534 1.6000
93.8154 -8.7534 1.6000
129.7310 -1.7534 1.6000
104.7610 -5.2534 1.6000
116.4250 -4.2534 1.6000
143.2600 -8.7534 1.6000
125.5020 -6.2534 1.6000
95.1084 -8.7534 1.6000
128.8840 -8.7534 1.6000
110.9930 -7.7534 1.6000
125.4770 -7.7534 1.6000
118.4770 -7.7534 1.6000
130.1270 -8.7534 1.6000
142.1950 -8.7534 1.6000
122.0770 -6.2534 1.6000
99.9980 -1.7534 1.6000
125.4720 -2.7534 1.6000
143.5880 -5.2534 1.6000
128.4100 -7.7534 1.6000
130.2740 -2.7534 1.6000
110.6560 -2.7534 1.6000
133.5240 -5.2534 1.6000
116.5540 -2.7534 1.6000
137.1660 -2.7534 1.6000
144.1030 -8.7534 1.6000
107.6870 -4.2534 1.6000
137.5440 -1.7534 1.6000
121.7300 -9.7534 1.6000
110.0230 -8.7534 1.6000
123.1150 -2.7534 1.6000
115.9150 -9.7534 1.6000
144.6500 -8.7534 1.6000
128.5450 -8.7534 1.6000
135.8900 -1.7534 1.6000
98.1491 -5.2534 1.6000
101.4220 -8.7534 1.6000
118.4020 -9.7534 1.6000
92.9481 -1.7534 1.6000
132.2100 -4.2534 1.6000
136.7100 -5.2534 1.6000
140.1250 -8.7534 1.6000
127.5830 -6.2534 1.6000
121.7300 -2.7534 1.6000
114.3070 -4.2534 1.6000
151.0320 -8.7534 1.6000
146.2470 -8.7534 1.6000
119.7340 -6.2534 1.6000
107.3930 -2.7534 1.6000
126.2450 -2.7534 1.6000
96.3747 -8.7534 1.6000
93.3759 -1.7534 1.6000
120.1250 -6.2534 1.6000
132.4800 -6.2534 1.6000
121.0110 -2.7534 1.6000
133.0240 -2.7534 1.6000
133.5120 -6.2534 1.6000
113.6900 -9.7534 1.6000
134.8890 -8.7534 1.6000
100.1030 -7.7534 1.6000
123.8440 -2.7534 1.6000
128.8660 -9.7534 1.6000
147.3570 -5.2534 1.6000
143.1280 -8.7534 1.6000
109.9710 -7.7534 1.6000
98.2383 -8.7534 1.6000
145.6050 -8.7534 1.6000
113.4980 -2.7534 1.6000
115.8640 -6.2534 1.6000
135.2130 -8.7534 1.6000
106.3220 -2.7534 1.6000
121.3690 -9.7534 1.6000
117.1200 -2.7534 1.6000
135.3590 -8.7534 1.6000
128.0140 -2.7534 1.6000
146.3500 -8.7534 1.6000
93.5454 -1.7534 1.6000
110.2050 -8.7534 1.6000
123.8010 -6.2534 1.6000
116.0920 -9.7534 1.6000
94.2991 -5.2534 1.6000
104.5980 -2.7534 1.6000
96.1594 -8.7534 1.6000
118.7920 -9.7534 1.6000
140.5710 -5.2534 1.6000
132.0820 -5.2534 1.6000
144.5940 -8.7534 1.6000
132.8080 -5.2534 1.6000
104.0770 -5.2534 1.6000
131.2100 -9.7534 1.6000
97.3399 -1.7534 1.6000
102.9510 -7.7534 1.6000
128.6960 -6.2534 1.6000
123.5180 -9.7534 1.6000
129.6320 -8.7534 1.6000
132.7940 -5.2534 1.6000
112.0950 -0.7534 1.6000
139.3770 -8.7534 1.6000
142.8260 -5.2534 1.6000
148.9660 -9.7534 1.6000
95.0514 -1.7534 1.6000
103.6410 -8.7534 1.6000
103.8440 -2.7534 1.6000
136.0430 -5.2534 1.6000
121.3890 -9.7534 1.6000
143.5030 -5.2534 1.6000
119.2600 -9.7534 1.6000
138.4500 -5.2534 1.6000
135.3470 -2.7534 1.6000
130.0300 -8.7534 1.6000
122.1350 -6.2534 1.6000
133.4290 -8.7534 1.6000
116.3190 -9.7534 1.6000
143.0480 -8.7534 1.6000
95.2629 -5.2534 1.6000
97.9810 -8.7534 1.6000
105.3080 -4.2534 1.6000
145.9010 -1.7534 1.6000
128.6150 -1.7534 1.6000
114.0640 -6.2534 1.6000
107.3360 -8.7534 1.6000
116.9840 -9.7534 1.6000
127.0300 -2.7534 1.6000
115.3870 -9.7534 1.6000
93.1615 -9.7534 1.6000
99.8873 -1.7534 1.6000
140.9340 -9.7534 1.6000
119.3210 -9.7534 1.6000
134.4910 -5.2534 1.6000
100.6330 -8.7534 1.6000
114.6620 -9.7534 1.6000
103.3890 -2.7534 1.6000
130.4780 -1.7534 1.6000
106.3220 -8.7534 1.6000
105.5020 -4.2534 1.6000
94.3655 -1.7534 1.6000
119.8750 -9.7534 1.6000
126.8750 -9.7534 1.6000
100.7670 -8.7534 1.6000
113.9020 -2.7534 1.6000
117.8670 -9.7534 1.6000
124.2530 -1.7534 1.6000
144.4340 -5.2534 1.6000
122.3400 -9.7534 1.6000
111.8610 -8.7534 1.6000
137.8330 -7.7534 1.6000
135.5490 -5.2534 1.6000
147.4420 -8.7534 1.6000
114.0760 -2.7534 1.6000
126.0400 -2.7534 1.6000
115.8560 -9.7534 1.6000
96.4320 -1.7534 1.6000
122.8560 -9.7534 1.6000
126.4670 -6.2534 1.6000
121.8120 -2.7534 1.6000
121.5650 -6.2534 1.6000
94.0871 -5.2534 1.6000
98.8631 -8.7534 1.6000
141.4920 -1.7534 1.6000
145.0390 -5.2534 1.6000
94.1213 -1.7534 1.6000
106.1210 -1.7534 1.6000
132.5350 -6.2534 1.6000
146.5890 -5.2534 1.6000
137.0350 -5.2534 1.6000
95.6322 -5.2534 1.6000
117.6620 -6.2534 1.6000
140.4590 -7.7534 1.6000
129.2360 -9.7534 1.6000
102.1580 -8.7534 1.6000
130.3890 -2.7534 1.6000
126.7950 -7.7534 1.6000
141.8330 -5.2534 1.6000
135.2090 -9.7534 1.6000
146.2970 -8.7534 1.6000
125.7260 -9.7534 1.6000
97.0402 -5.2534 1.6000
108.4060 -5.2534 1.6000
131.2530 -6.2534 1.6000
98.7052 -8.7534 1.6000
117.3290 -2.7534 1.6000
134.9020 -8.7534 1.6000
117.3770 -4.2534 1.6000
100.0480 -1.7534 1.6000
95.6728 -8.7534 1.6000
143.4700 -1.7534 1.6000
124.3080 -7.7534 1.6000
146.6170 -8.7534 1.6000
119.4210 -2.7534 1.6000
102.0960 -5.2534 1.6000
140.9530 -1.7534 1.6000
136.0230 -8.7534 1.6000
102.0150 -5.2534 1.6000
96.0291 -8.7534 1.6000
138.2250 -8.7534 1.6000
139.7840 -5.2534 1.6000
124.3950 -9.7534 1.6000
131.3950 -7.7534 1.6000
129.2600 -8.7534 1.6000
126.6060 -2.7534 1.6000
134.0230 -5.2534 1.6000
115.4640 -4.2534 1.6000
112.6810 -2.7534 1.6000
138.1840 -1.7534 1.6000
111.5110 -7.7534 1.6000
121.7240 -1.7534 1.6000
101.1190 -7.7534 1.6000
95.0003 -5.2534 1.6000
133.7250 -2.7534 1.6000
131.3300 -6.2534 1.6000
114.1760 -1.7534 1.6000
133.7820 -5.2534 1.6000
133.3580 -8.7534 1.6000
125.3720 -9.7534 1.6000
138.2020 -1.7534 1.6000
141.6570 -8.7534 1.6000
133.7020 -2.7534 1.6000
146.7130 -5.2534 1.6000
112.1220 -9.7534 1.6000
139.4900 -5.2534 1.6000
125.1800 -9.7534 1.6000
137.4590 -8.7534 1.6000
96.0261 -8.7534 1.6000
112.2580 -1.7534 1.6000
109.8260 -4.2534 1.6000
138.2540 -7.7534 1.6000
120.8320 -6.2534 1.6000
142.2440 -8.7534 1.6000
97.8746 -8.7534 1.6000
134.0610 -8.7534 1.6000
112.6830 -9.7534 1.6000
120.0530 -9.7534 1.6000
133.6470 -2.7534 1.6000
94.2971 -8.7534 1.6000
99.2628 -5.2534 1.6000
140.4230 -8.7534 1.6000
130.9970 -8.7534 1.6000
112.0990 -5.2534 1.6000
114.4230 -6.2534 1.6000
117.5220 -9.7534 1.6000
143.8650 -1.7534 1.6000
124.5220 -9.7534 1.6000
146.8670 -5.2534 1.6000
139.8670 -5.2534 1.6000
126.2890 -2.7534 1.6000
132.8670 -5.2534 1.6000
95.9092 -8.7534 1.6000
95.4521 -5.2534 1.6000
129.5550 -8.7534 1.6000
119.3180 -9.7534 1.6000
132.2100 -8.7534 1.6000
130.8930 -6.2534 1.6000
117.3450 -6.2534 1.6000
119.8420 -2.7534 1.6000
107.8340 -8.7534 1.6000
133.8190 -8.7534 1.6000
114.6150 -2.7534 1.6000
99.3815 -1.7534 1.6000
134.0380 -7.7534 1.6000
106.1240 -8.7534 1.6000
126.3680 -2.7534 1.6000
92.9517 -8.7534 1.6000
130.1090 -2.7534 1.6000
129.7440 -8.7534 1.6000
102.1890 -8.7534 1.6000
121.6730 -6.2534 1.6000
111.0860 -9.7534 1.6000
103.5880 -7.7534 1.6000
125.2790 -6.2534 1.6000
125.0160 -9.7534 1.6000
108.8030 -8.7534 1.6000
116.0830 -6.2534 1.6000
89.8577 -1.7534 1.6000
121.8860 -2.7534 1.6000
135.2840 -5.2534 1.6000
110.2760 -7.7534 1.6000
117.2760 -7.7534 1.6000
129.1190 -6.2534 1.6000
143.1250 -5.2534 1.6000
109.8600 -6.2534 1.6000
141.6610 -8.7534 1.6000
131.9990 -8.7534 1.6000
107.3010 -5.2534 1.6000
111.2640 -2.7534 1.6000
134.6390 -8.7534 1.6000
111.8010 -4.2534 1.6000
115.7470 -9.7534 1.6000
92.9418 -1.7534 1.6000
97.5639 -5.2534 1.6000
95.0344 -8.7534 1.6000
143.9570 -5.2534 1.6000
131.8930 -0.7534 1.6000
109.1340 -8.7534 1.6000
107.8950 -1.7534 1.6000
100.1680 -8.7534 1.6000
106.9230 -2.7534 1.6000
117.3460 -0.7534 1.6000
126.2580 -4.2534 1.6000
119.4670 -2.7534 1.6000
130.9660 -6.2534 1.6000
99.9948 -1.7534 1.6000
94.9314 -8.7534 1.6000
135.4390 -5.2534 1.6000
139.4630 -8.7534 1.6000
135.3360 -2.7534 1.6000
125.5650 -2.7534 1.6000
110.0610 -9.7534 1.6000
102.1080 -5.2534 1.6000
133.3100 -5.2534 1.6000
96.7402 -8.7534 1.6000
133.7690 -8.7534 1.6000
108.4940 -8.7534 1.6000
137.7320 -1.7534 1.6000
133.2800 -6.2534 1.6000
123.5310 -9.7534 1.6000
95.4624 -8.7534 1.6000
132.2310 -8.7534 1.6000
104.9620 -7.7534 1.6000
106.1690 -7.7534 1.6000
127.9540 -0.7534 1.6000
126.0190 -4.2534 1.6000
106.5980 -4.2534 1.6000
145.4210 -1.7534 1.6000
129.3320 -8.7534 1.6000
95.4427 -5.2534 1.6000
99.3753 -2.7534 1.6000
116.8390 -2.7534 1.6000
119.2770 -6.2534 1.6000
107.2450 -8.7534 1.6000
140.1990 -8.7534 1.6000
141.4700 -8.7534 1.6000
111.3990 -9.7534 1.6000
115.2440 -6.2534 1.6000
101.0690 -1.7534 1.6000
134.2080 -5.2534 1.6000
120.5480 -2.7534 1.6000
123.6030 -9.7534 1.6000
118.0350 -6.2534 1.6000
143.2110 -5.2534 1.6000
121.5120 -7.7534 1.6000
124.2870 -2.7534 1.6000
132.4260 -7.7534 1.6000
103.9700 -1.7534 1.6000
106.7070 -5.2534 1.6000
111.1810 -9.7534 1.6000
128.6760 -0.7534 1.6000
139.5870 -6.2534 1.6000
135.8930 -2.7534 1.6000
126.8230 -7.7534 1.6000
141.6950 -1.7534 1.6000
107.1520 -5.2534 1.6000
103.1730 -2.7534 1.6000
130.0400 -8.7534 1.6000
132.5640 -6.2534 1.6000
106.2960 -5.2534 1.6000
109.0790 -2.7534 1.6000
118.6440 -9.7534 1.6000
144.4310 -8.7534 1.6000
104.7440 -4.2534 1.6000
137.2850 -1.7534 1.6000
117.8070 -9.7534 1.6000
135.4130 -8.7534 1.6000
129.7580 -8.7534 1.6000
139.0240 -8.7534 1.6000
113.0810 -2.7534 1.6000
132.5300 -5.2534 1.6000
135.0680 -1.7534 1.6000
107.4680 -7.7534 1.6000
117.9770 -6.2534 1.6000
126.7410 -6.2534 1.6000
121.9190 -5.2534 1.6000
130.6950 -9.7534 1.6000
95.4359 -5.2534 1.6000
140.6920 -5.2534 1.6000
109.8780 -8.7534 1.6000
139.7540 -5.2534 1.6000
115.5600 -2.7534 1.6000
105.0910 -5.2534 1.6000
110.1320 -8.7534 1.6000
108.6430 -2.7534 1.6000
118.7170 -9.7534 1.6000
126.4780 -9.7534 1.6000
95.7351 -5.2534 1.6000
118.6340 -9.7534 1.6000
109.4880 -9.7534 1.6000
137.6230 -1.7534 1.6000
105.3080 -8.7534 1.6000
119.0580 -9.7534 1.6000
122.0060 -6.2534 1.6000
140.2620 -8.7534 1.6000
136.9340 -2.7534 1.6000
127.1000 -9.7534 1.6000
105.6640 -6.2534 1.6000
119.7350 -6.2534 1.6000
144.9510 -0.7534 1.6000
141.9270 -8.7534 1.6000
109.2250 -4.2534 1.6000
95.3268 -5.2534 1.6000
123.1490 -2.7534 1.6000
140.3850 -1.7534 1.6000
95.1469 -8.7534 1.6000
118.4800 -9.7534 1.6000
131.8000 -6.2534 1.6000
132.9630 -2.7534 1.6000
129.2920 -9.7534 1.6000
139.7300 -8.7534 1.6000
110.9600 -6.2534 1.6000
116.9200 -9.7534 1.6000
143.9990 -8.7534 1.6000
98.9387 -1.7534 1.6000
104.0780 -8.7534 1.6000
111.0780 -8.7534 1.6000
124.0850 -2.7534 1.6000
123.2880 -9.7534 1.6000
105.1690 -6.2534 1.6000
115.2620 -4.2534 1.6000
128.9440 -9.7534 1.6000
102.4160 -2.7534 1.6000
106.4190 -2.7534 1.6000
105.4720 -8.7534 1.6000
116.9720 -7.7534 1.6000
95.4701 -5.2534 1.6000
131.4490 -5.2534 1.6000
124.2990 -9.7534 1.6000
107.4990 -5.2534 1.6000
111.4230 -9.7534 1.6000
94.1785 -8.7534 1.6000
98.0073 -1.7534 1.6000
137.3680 -8.7534 1.6000
111.5780 -9.7534 1.6000
104.6400 -1.7534 1.6000
143.3400 -8.7534 1.6000
130.3870 -6.2534 1.6000
123.3870 -6.2534 1.6000
130.9230 -7.7534 1.6000
134.4200 -5.2534 1.6000
123.7240 -7.7534 1.6000
146.7130 -5.2534 1.6000
97.8676 -1.7534 1.6000
110.0300 -8.7534 1.6000
106.1460 -5.2534 1.6000
114.5300 -9.7534 1.6000
101.3400 -1.7534 1.6000
129.3510 -4.2534 1.6000
108.6070 -8.7534 1.6000
101.4200 -8.7534 1.6000
117.7570 -6.2534 1.6000
142.8540 -1.7534 1.6000
119.9660 -9.7534 1.6000
106.5500 -5.2534 1.6000
118.3670 -6.2534 1.6000
95.4363 -1.7534 1.6000
99.0157 -8.7534 1.6000
148.7660 -7.7534 1.6000
102.4090 -5.2534 1.6000
108.9240 -0.7534 1.6000
128.1880 -2.7534 1.6000
121.7830 -7.7534 1.6000
112.2480 -8.7534 1.6000
116.7480 -9.7534 1.6000
140.6880 -5.2534 1.6000
133.7140 -6.2534 1.6000
122.1920 -1.7534 1.6000
106.4270 -6.2534 1.6000
144.4910 -8.7534 1.6000
146.9140 -1.7534 1.6000
106.0920 -8.7534 1.6000
142.9660 -0.7534 1.6000
108.7290 -2.7534 1.6000
136.1730 -4.2534 1.6000
131.1990 -1.7534 1.6000
114.8800 -7.7534 1.6000
145.3600 -8.7534 1.6000
146.7470 -1.7534 1.6000
131.2290 -8.7534 1.6000
106.7730 -5.2534 1.6000
135.3220 -5.2534 1.6000
134.6960 -2.7534 1.6000
102.8070 -2.7534 1.6000
107.2820 -8.7534 1.6000
123.3830 -8.7534 1.6000
97.1179 -5.2534 1.6000
95.4416 -5.2534 1.6000
145.7140 -1.7534 1.6000
132.1930 -2.7534 1.6000
130.5400 -7.7534 1.6000
108.9780 -6.2534 1.6000
143.2870 -1.7534 1.6000
129.7240 -8.7534 1.6000
114.9190 -9.7534 1.6000
110.9400 -8.7534 1.6000
132.3730 -8.7534 1.6000
145.9280 -8.7534 1.6000
116.5700 -9.7534 1.6000
109.3230 -2.7534 1.6000
115.6470 -9.7534 1.6000
107.6390 -6.2534 1.6000
124.6800 -7.7534 1.6000
138.5000 -8.7534 1.6000
129.7380 -4.2534 1.6000
129.0000 -7.7534 1.6000
122.1440 -6.2534 1.6000
92.6980 -8.7534 1.6000
144.3930 -8.7534 1.6000
145.0820 -1.7534 1.6000
97.1980 -9.7534 1.6000
138.2470 -1.7534 1.6000
124.5090 -2.7534 1.6000
143.5980 -5.2534 1.6000
132.3930 -8.7534 1.6000
139.4540 -5.2534 1.6000
119.7430 -6.2534 1.6000
134.9540 -6.2534 1.6000
133.9850 -2.7534 1.6000
116.7940 -9.7534 1.6000
122.6950 -4.2534 1.6000
108.1640 -5.2534 1.6000
108.9390 -9.7534 1.6000
128.8100 -8.7534 1.6000
94.9594 -5.2534 1.6000
117.9960 -9.7534 1.6000
101.0960 -7.7534 1.6000
122.4770 -6.2534 1.6000
134.6230 -1.7534 1.6000
130.2940 -4.2534 1.6000
92.8071 -5.2534 1.6000
