UE positions (x y z)
146.3260 -8.7534 1.6000
134.8410 -2.7534 1.6000
107.1210 -8.7534 1.6000
129.8780 -4.2534 1.6000
137.2800 -2.7534 1.6000
114.0180 -7.7534 1.6000
109.7570 -6.2534 1.6000
105.2570 -5.2534 1.6000
104.5880 -8.7534 1.6000
134.0640 -4.2534 1.6000
102.9290 -5.2534 1.6000
110.3640 -2.7534 1.6000
116.2400 -7.7534 1.6000
112.9950 -2.7534 1.6000
144.8540 -5.2534 1.6000
125.1970 -2.7534 1.6000
100.7490 -7.7534 1.6000
141.9690 -5.2534 1.6000
107.7490 -7.7534 1.6000
136.0390 -1.7534 1.6000
108.8340 -6.2534 1.6000
101.3310 -5.2534 1.6000
94.0900 -8.7534 1.6000
141.6020 -8.7534 1.6000
116.4890 -2.7534 1.6000
98.4500 -5.2534 1.6000
97.4302 -8.7534 1.6000
126.6970 -4.2534 1.6000
138.8960 -1.7534 1.6000
98.5130 -5.2534 1.6000
131.5250 -5.2534 1.6000
145.2550 -9.7534 1.6000
116.7020 -6.2534 1.6000
147.3450 -8.7534 1.6000
136.8420 -8.7534 1.6000
122.8090 -9.7534 1.6000
136.5890 -2.7534 1.6000
103.7150 -8.7534 1.6000
146.7570 -1.7534 1.6000
96.7147 -8.7534 1.6000
125.3510 -4.2534 1.6000
137.2460 -1.7534 1.6000
109.8410 -6.2534 1.6000
107.0460 -8.7534 1.6000
120.4420 -6.2534 1.6000
92.9081 -5.2534 1.6000
134.8270 -8.7534 1.6000
113.6870 -9.7534 1.6000
113.1190 -9.7534 1.6000
107.0750 -6.2534 1.6000
140.8660 -5.2534 1.6000
120.1190 -9.7534 1.6000
127.6910 -9.7534 1.6000
146.1650 -5.2534 1.6000
134.6910 -7.7534 1.6000
108.6630 -2.7534 1.6000
133.4280 -6.2534 1.6000
116.6980 -2.7534 1.6000
141.1700 -5.2534 1.6000
132.6480 -8.7534 1.6000
122.4260 -2.7534 1.6000
136.4080 -5.2534 1.6000
109.4990 -7.7534 1.6000
103.7870 -8.7534 1.6000
130.9500 -2.7534 1.6000
111.9390 -9.7534 1.6000
105.6330 -2.7534 1.6000
103.1980 -8.7534 1.6000
103.4120 -5.2534 1.6000
141.8350 -8.7534 1.6000
125.3490 -9.7534 1.6000
130.5710 -2.7534 1.6000
116.2650 -2.7534 1.6000
118.6980 -6.2534 1.6000
137.1950 -8.7534 1.6000
131.5670 -6.2534 1.6000
111.8050 -6.2534 1.6000
124.4080 -6.2534 1.6000
132.4110 -5.2534 1.6000
129.0530 -9.7534 1.6000
117.5240 -4.2534 1.6000
101.5740 -5.2534 1.6000
101.1320 -8.7534 1.6000
140.9730 -8.7534 1.6000
93.3616 -5.2534 1.6000
142.0150 -1.7534 1.6000
128.4560 -6.2534 1.6000
132.2500 -8.7534 1.6000
98.1191 -8.7534 1.6000
140.2700 -1.7534 1.6000
143.1310 -8.7534 1.6000
148.8600 -5.2534 1.6000
113.1590 -2.7534 1.6000
104.7230 -7.7534 1.6000
113.8720 -5.2534 1.6000
147.3540 -8.7534 1.6000
104.6350 -1.7534 1.6000
123.4070 -9.7534 1.6000
115.7170 -9.7534 1.6000
129.9210 -8.7534 1.6000
103.2400 -2.7534 1.6000
111.8400 -9.7534 1.6000
104.2000 -5.2534 1.6000
120.4260 -9.7534 1.6000
133.5260 -9.7534 1.6000
114.5830 -7.7534 1.6000
127.6500 -2.7534 1.6000
132.9330 -6.2534 1.6000
142.0260 -5.2534 1.6000
119.0670 -4.2534 1.6000
124.7380 -2.7534 1.6000
133.8970 -8.7534 1.6000
139.5910 -4.2534 1.6000
120.6180 -9.7534 1.6000
105.7600 -8.7534 1.6000
149.7490 -9.7534 1.6000
101.3070 -5.2534 1.6000
134.2880 -8.7534 1.6000
144.9460 -5.2534 1.6000
124.1140 -0.7534 1.6000
100.1690 -8.7534 1.6000
113.8460 -2.7534 1.6000
107.1690 -8.7534 1.6000
111.6690 -9.7534 1.6000
98.3742 -8.7534 1.6000
105.5690 -5.2534 1.6000
93.2565 -5.2534 1.6000
127.2570 -9.7534 1.6000
129.8400 -0.7534 1.6000
141.2730 -2.7534 1.6000
141.3650 -8.7534 1.6000
107.5440 -6.2534 1.6000
129.1070 -6.2534 1.6000
103.4260 -1.7534 1.6000
144.1500 -1.7534 1.6000
111.3770 -9.7534 1.6000
111.6300 -0.7534 1.6000
142.5050 -8.7534 1.6000
128.4520 -8.7534 1.6000
139.0400 -5.2534 1.6000
98.7451 -5.2534 1.6000
129.1770 -8.7534 1.6000
116.2680 -1.7534 1.6000
107.1570 -4.2534 1.6000
94.4721 -5.2534 1.6000
127.7340 -9.7534 1.6000
124.3840 -2.7534 1.6000
102.2760 -7.7534 1.6000
137.6240 -1.7534 1.6000
107.0400 -8.7534 1.6000
139.8400 -8.7534 1.6000
132.8400 -8.7534 1.6000
118.0800 -6.2534 1.6000
118.6640 -9.7534 1.6000
134.1630 -2.7534 1.6000
146.9020 -5.2534 1.6000
140.3110 -1.7534 1.6000
112.0370 -9.7534 1.6000
107.3150 -5.2534 1.6000
131.2190 -2.7534 1.6000
104.4600 -8.7534 1.6000
95.4963 -8.7534 1.6000
110.8240 -9.7534 1.6000
132.0290 -8.7534 1.6000
125.6480 -2.7534 1.6000
116.9180 -6.2534 1.6000
128.2370 -9.7534 1.6000
96.5876 -8.7534 1.6000
128.9920 -8.7534 1.6000
99.6064 -1.7534 1.6000
129.3170 -6.2534 1.6000
124.4920 -9.7534 1.6000
120.2420 -2.7534 1.6000
101.7660 -1.7534 1.6000
104.2530 -5.2534 1.6000
135.5320 -5.2534 1.6000
105.4450 -8.7534 1.6000
106.5840 -5.2534 1.6000
112.9170 -9.7534 1.6000
118.5310 -2.7534 1.6000
116.2740 -6.2534 1.6000
107.6620 -6.2534 1.6000
141.8510 -0.7534 1.6000
133.0410 -4.2534 1.6000
110.6290 -9.7534 1.6000
140.2570 -5.2534 1.6000
96.2847 -1.7534 1.6000
142.0660 -9.7534 1.6000
141.8090 -1.7534 1.6000
111.5800 -0.7534 1.6000
126.2220 -9.7534 1.6000
135.0140 -5.2534 1.6000
116.1960 -6.2534 1.6000
146.2960 -5.2534 1.6000
127.8950 -7.7534 1.6000
137.7130 -1.7534 1.6000
112.2490 -6.2534 1.6000
107.8970 -2.7534 1.6000
145.5250 -8.7534 1.6000
123.2360 -9.7534 1.6000
101.6140 -1.7534 1.6000
109.4050 -2.7534 1.6000
129.5930 -8.7534 1.6000
143.9590 -5.2534 1.6000
104.9850 -8.7534 1.6000
118.6300 -6.2534 1.6000
146.8530 -8.7534 1.6000
132.3910 -8.7534 1.6000
101.2960 -1.7534 1.6000
147.1560 -1.7534 1.6000
116.5230 -9.7534 1.6000
131.8230 -2.7534 1.6000
104.4710 -1.7534 1.6000
115.2330 -2.7534 1.6000
121.2540 -7.7534 1.6000
141.0230 -5.2534 1.6000
123.4200 -6.2534 1.6000
109.8740 -7.7534 1.6000
143.3750 -8.7534 1.6000
100.3590 -8.7534 1.6000
99.3061 -8.7534 1.6000
146.6620 -5.2534 1.6000
110.5960 -9.7534 1.6000
134.2160 -5.2534 1.6000
141.7040 -5.2534 1.6000
114.8140 -4.2534 1.6000
112.1070 -7.7534 1.6000
128.5980 -9.7534 1.6000
118.6690 -6.2534 1.6000
140.5230 -7.7534 1.6000
142.3330 -1.7534 1.6000
118.2800 -2.7534 1.6000
111.2230 -2.7534 1.6000
142.7090 -1.7534 1.6000
118.7660 -6.2534 1.6000
100.6900 -5.2534 1.6000
130.8530 -2.7534 1.6000
107.3440 -8.7534 1.6000
92.5767 -8.7534 1.6000
118.9030 -2.7534 1.6000
128.9280 -6.2534 1.6000
131.7670 -8.7534 1.6000
119.9770 -6.2534 1.6000
142.7300 -1.7534 1.6000
136.4900 -2.7534 1.6000
140.0030 -5.2534 1.6000
102.2840 -5.2534 1.6000
129.1020 -8.7534 1.6000
131.4440 -6.2534 1.6000
119.2150 -9.7534 1.6000
107.4990 -2.7534 1.6000
126.2150 -9.7534 1.6000
109.8880 -2.7534 1.6000
124.1740 -6.2534 1.6000
128.0270 -9.7534 1.6000
132.5270 -8.7534 1.6000
102.8980 -5.2534 1.6000
99.6080 -8.7534 1.6000
141.0480 -5.2534 1.6000
128.4960 -9.7534 1.6000
127.0460 -2.7534 1.6000
116.6280 -6.2534 1.6000
108.9720 -6.2534 1.6000
135.5690 -7.7534 1.6000
109.7030 -6.2534 1.6000
121.7900 -2.7534 1.6000
127.2560 -9.7534 1.6000
120.2560 -9.7534 1.6000
137.0160 -6.2534 1.6000
102.0390 -5.2534 1.6000
132.7680 -8.7534 1.6000
92.6321 -8.7534 1.6000
108.8500 -5.2534 1.6000
120.6290 -9.7534 1.6000
136.5970 -1.7534 1.6000
101.7880 -1.7534 1.6000
95.8539 -0.7534 1.6000
121.3410 -9.7534 1.6000
132.5180 -5.2534 1.6000
124.3740 -6.2534 1.6000
137.5180 -8.7534 1.6000
127.6970 -9.7534 1.6000
123.3770 -2.7534 1.6000
126.1060 -6.2534 1.6000
93.2913 -8.7534 1.6000
125.5490 -2.7534 1.6000
122.3130 -7.7534 1.6000
122.7310 -6.2534 1.6000
112.0450 -6.2534 1.6000
134.0540 -8.7534 1.6000
110.6450 -9.7534 1.6000
96.0948 -1.7534 1.6000
137.1910 -2.7534 1.6000
143.3530 -5.2534 1.6000
96.0839 -1.7534 1.6000
133.6050 -8.7534 1.6000
138.1280 -5.2534 1.6000
100.3790 -1.7534 1.6000
143.4330 -8.7534 1.6000
102.4670 -5.2534 1.6000
103.2060 -8.7534 1.6000
115.5740 -9.7534 1.6000
132.7320 -5.2534 1.6000
99.9568 -5.2534 1.6000
109.2030 -6.2534 1.6000
124.8120 -5.2534 1.6000
93.3457 -5.2534 1.6000
102.2480 -5.2534 1.6000
141.2550 -1.7534 1.6000
131.6450 -8.7534 1.6000
113.1100 -6.2534 1.6000
145.4010 -8.7534 1.6000
130.0450 -8.7534 1.6000
107.2900 -2.7534 1.6000
109.9770 -6.2534 1.6000
96.4934 -5.2534 1.6000
129.8280 -8.7534 1.6000
94.0364 -5.2534 1.6000
117.1590 -0.7534 1.6000
95.0713 -1.7534 1.6000
136.1670 -2.7534 1.6000
133.8100 -8.7534 1.6000
98.6745 -8.7534 1.6000
144.7570 -8.7534 1.6000
122.0090 -2.7534 1.6000
113.7400 -9.7534 1.6000
108.8240 -8.7534 1.6000
134.9440 -2.7534 1.6000
95.8723 -8.7534 1.6000
138.5640 -8.7534 1.6000
98.8234 -5.2534 1.6000
126.6060 -4.2534 1.6000
127.0130 -7.7534 1.6000
144.3370 -8.7534 1.6000
100.7610 -5.2534 1.6000
108.5450 -6.2534 1.6000
96.6177 -8.7534 1.6000
116.5550 -9.7534 1.6000
104.8970 -8.7534 1.6000
131.8780 -4.2534 1.6000
117.6590 -6.2534 1.6000
132.8970 -2.7534 1.6000
118.4970 -9.7534 1.6000
108.2090 -8.7534 1.6000
118.2170 -6.2534 1.6000
102.2870 -8.7534 1.6000
134.8960 -2.7534 1.6000
101.6710 -5.2534 1.6000
115.6330 -9.7534 1.6000
133.9300 -8.7534 1.6000
144.3650 -1.7534 1.6000
109.8870 -6.2534 1.6000
103.0540 -5.2534 1.6000
98.7827 -8.7534 1.6000
128.6950 -1.7534 1.6000
143.1350 -8.7534 1.6000
105.2430 -8.7534 1.6000
125.8320 -2.7534 1.6000
138.1310 -4.2534 1.6000
143.4580 -8.7534 1.6000
146.4250 -5.2534 1.6000
140.7220 -1.7534 1.6000
109.0590 -9.7534 1.6000
136.0990 -2.7534 1.6000
121.2190 -4.2534 1.6000
145.6180 -9.7534 1.6000
103.1020 -6.2534 1.6000
93.6424 -8.7534 1.6000
133.7710 -5.2534 1.6000
116.8030 -2.7534 1.6000
108.9360 -9.7534 1.6000
120.1970 -6.2534 1.6000
145.3820 -1.7534 1.6000
127.5460 -9.7534 1.6000
121.3320 -6.2534 1.6000
107.1370 -6.2534 1.6000
99.9893 -8.7534 1.6000
106.9890 -8.7534 1.6000
92.9893 -8.7534 1.6000
111.4890 -7.7534 1.6000
101.8170 -1.7534 1.6000
98.5284 -5.2534 1.6000
140.7860 -8.7534 1.6000
124.6910 -2.7534 1.6000
117.4080 -9.7534 1.6000
141.2770 -5.2534 1.6000
125.0770 -6.2534 1.6000
108.9760 -9.7534 1.6000
121.1930 -9.7534 1.6000
131.4160 -8.7534 1.6000
115.8650 -5.2534 1.6000
96.4848 -8.7534 1.6000
111.2070 -9.7534 1.6000
117.1810 -6.2534 1.6000
124.9430 -2.7534 1.6000
143.6310 -8.7534 1.6000
120.5420 -4.2534 1.6000
129.8270 -2.7534 1.6000
143.4770 -8.7534 1.6000
110.0670 -4.2534 1.6000
143.7540 -8.7534 1.6000
133.7970 -2.7534 1.6000
94.3815 -1.7534 1.6000
132.1540 -6.2534 1.6000
127.0590 -7.7534 1.6000
136.0740 -1.7534 1.6000
104.1070 -2.7534 1.6000
135.2590 -9.7534 1.6000
116.1190 -9.7534 1.6000
102.9320 -5.2534 1.6000
136.3020 -8.7534 1.6000
107.7380 -8.7534 1.6000
132.3170 -8.7534 1.6000
111.1880 -2.7534 1.6000
109.8610 -9.7534 1.6000
142.9470 -8.7534 1.6000
120.2530 -2.7534 1.6000
113.3290 -6.2534 1.6000
120.3290 -6.2534 1.6000
96.6698 -8.7534 1.6000
106.2010 -8.7534 1.6000
104.3020 -5.2534 1.6000
97.3016 -5.2534 1.6000
103.2060 -1.7534 1.6000
133.4940 -6.2534 1.6000
144.5360 -8.7534 1.6000
115.3370 -2.7534 1.6000
125.4630 -9.7534 1.6000
115.0950 -2.7534 1.6000
127.9180 -4.2534 1.6000
120.3220 -4.2534 1.6000
100.8760 -8.7534 1.6000
95.7037 -5.2534 1.6000
137.7310 -5.2534 1.6000
106.2240 -8.7534 1.6000
140.9130 -8.7534 1.6000
129.8930 -6.2534 1.6000
98.9228 -5.2534 1.6000
124.1670 -9.7534 1.6000
138.7080 -5.2534 1.6000
118.6870 -9.7534 1.6000
119.0530 -6.2534 1.6000
101.6320 -8.7534 1.6000
137.0180 -8.7534 1.6000
102.9590 -1.7534 1.6000
123.1830 -7.7534 1.6000
142.1410 -9.7534 1.6000
117.0780 -2.7534 1.6000
124.3840 -6.2534 1.6000
108.1170 -6.2534 1.6000
129.7950 -9.7534 1.6000
96.3395 -1.7534 1.6000
134.8270 -2.7534 1.6000
143.2740 -5.2534 1.6000
99.7349 -5.2534 1.6000
133.2810 -6.2534 1.6000
115.8570 -2.7534 1.6000
136.5420 -5.2534 1.6000
136.6510 -8.7534 1.6000
126.7020 -2.7534 1.6000
106.4290 -2.7534 1.6000
95.3913 -8.7534 1.6000
92.9307 -5.2534 1.6000
133.4180 -7.7534 1.6000
113.3970 -6.2534 1.6000
115.7100 -9.7534 1.6000
140.2880 -8.7534 1.6000
102.4990 -8.7534 1.6000
110.9590 -6.2534 1.6000
108.0000 -8.7534 1.6000
112.5000 -9.7534 1.6000
96.0869 -8.7534 1.6000
121.6430 -2.7534 1.6000
134.5240 -5.2534 1.6000
97.5932 -8.7534 1.6000
129.3880 -6.2534 1.6000
131.1160 -9.7534 1.6000
140.9550 -8.7534 1.6000
103.3680 -5.2534 1.6000
144.0720 -1.7534 1.6000
96.9274 -8.7534 1.6000
134.0050 -2.7534 1.6000
145.4930 -8.7534 1.6000
138.4930 -8.7534 1.6000
133.5660 -8.7534 1.6000
132.4110 -4.2534 1.6000
106.1960 -8.7534 1.6000
111.9710 -5.2534 1.6000
129.2320 -9.7534 1.6000
143.3300 -8.7534 1.6000
102.4790 -1.7534 1.6000
128.6120 -6.2534 1.6000
110.1520 -8.7534 1.6000
125.4050 -2.7534 1.6000
112.0830 -6.2534 1.6000
105.0240 -5.2534 1.6000
129.8640 -8.7534 1.6000
123.0280 -2.7534 1.6000
125.3640 -9.7534 1.6000
95.9758 -8.7534 1.6000
102.3020 -9.7534 1.6000
138.5410 -8.7534 1.6000
135.9440 -1.7534 1.6000
110.1870 -4.2534 1.6000
120.0770 -9.7534 1.6000
93.9148 -8.7534 1.6000
130.5510 -9.7534 1.6000
113.0770 -9.7534 1.6000
134.2660 -8.7534 1.6000
106.0650 -4.2534 1.6000
145.0930 -8.7534 1.6000
110.2180 -7.7534 1.6000
120.5210 -4.2534 1.6000
101.9870 -7.7534 1.6000
131.0950 -9.7534 1.6000
96.8610 -8.7534 1.6000
133.0340 -2.7534 1.6000
109.9220 -8.7534 1.6000
135.7920 -7.7534 1.6000
99.8518 -8.7534 1.6000
130.0120 -5.2534 1.6000
143.7940 -8.7534 1.6000
94.2039 -8.7534 1.6000
129.9970 -2.7534 1.6000
112.0740 -9.7534 1.6000
129.4040 -8.7534 1.6000
142.1840 -5.2534 1.6000
122.6340 -6.2534 1.6000
105.0880 -8.7534 1.6000
146.0160 -1.7534 1.6000
135.3960 -1.7534 1.6000
140.6260 -8.7534 1.6000
138.9410 -1.7534 1.6000
108.5540 -8.7534 1.6000
137.6340 -5.2534 1.6000
131.9230 -6.2534 1.6000
123.6520 -2.7534 1.6000
117.3370 -6.2534 1.6000
124.3370 -6.2534 1.6000
127.9820 -9.7534 1.6000
101.1160 -5.2534 1.6000
105.7030 -8.7534 1.6000
116.5060 -4.2534 1.6000
145.3690 -8.7534 1.6000
106.5660 -7.7534 1.6000
113.6540 -6.2534 1.6000
134.4290 -2.7534 1.6000
132.7670 -4.2534 1.6000
96.0687 -8.7534 1.6000
97.3761 -1.7534 1.6000
129.1750 -9.7534 1.6000
135.9380 -8.7534 1.6000
129.1550 -9.7534 1.6000
92.1549 -9.7534 1.6000
140.3030 -8.7534 1.6000
131.1090 -2.7534 1.6000
114.8340 -6.2534 1.6000
102.3170 -1.7534 1.6000
106.3280 -6.2534 1.6000
133.8110 -7.7534 1.6000
144.1170 -2.7534 1.6000
103.5180 -8.7534 1.6000
119.9850 -5.2534 1.6000
111.6190 -9.7534 1.6000
135.2300 -1.7534 1.6000
117.7210 -7.7534 1.6000
112.0530 -4.2534 1.6000
126.0540 -4.2534 1.6000
143.3700 -8.7534 1.6000
94.3325 -5.2534 1.6000
133.7950 -6.2534 1.6000
97.2453 -8.7534 1.6000
106.9880 -6.2534 1.6000
137.7760 -7.7534 1.6000
127.5280 -9.7534 1.6000
96.2240 -5.2534 1.6000
136.8360 -5.2534 1.6000
121.1060 -2.7534 1.6000
118.4920 -9.7534 1.6000
140.9300 -8.7534 1.6000
147.1220 -5.2534 1.6000
143.3240 -8.7534 1.6000
112.8000 -6.2534 1.6000
134.0250 -5.2534 1.6000
121.5300 -9.7534 1.6000
125.7100 -6.2534 1.6000
133.6640 -2.7534 1.6000
130.1640 -9.7534 1.6000
114.6350 -9.7534 1.6000
110.6110 -2.7534 1.6000
97.0949 -8.7534 1.6000
141.2330 -5.2534 1.6000
99.5749 -8.7534 1.6000
126.9530 -9.7534 1.6000
103.9070 -1.7534 1.6000
98.6369 -2.7534 1.6000
104.2290 -5.2534 1.6000
108.9930 -2.7534 1.6000
133.1520 -2.7534 1.6000
122.1760 -9.7534 1.6000
134.0490 -6.2534 1.6000
108.1130 -8.7534 1.6000
110.0190 -1.7534 1.6000
135.9920 -1.7534 1.6000
114.4350 -9.7534 1.6000
96.9874 -8.7534 1.6000
92.6532 -1.7534 1.6000
109.2670 -8.7534 1.6000
96.5962 -1.7534 1.6000
118.1410 -9.7534 1.6000
140.5990 -5.2534 1.6000
131.8040 -2.7534 1.6000
96.3089 -1.7534 1.6000
125.2460 -4.2534 1.6000
131.7950 -9.7534 1.6000
92.7546 -8.7534 1.6000
107.7890 -5.2534 1.6000
109.6710 -2.7534 1.6000
145.9460 -5.2534 1.6000
116.4410 -9.7534 1.6000
100.8860 -5.2534 1.6000
111.8650 -9.7534 1.6000
128.1350 -2.7534 1.6000
107.8860 -5.2534 1.6000
146.8880 -8.7534 1.6000
113.3680 -2.7534 1.6000
139.0410 -8.7534 1.6000
95.4282 -8.7534 1.6000
94.7386 -5.2534 1.6000
130.4090 -9.7534 1.6000
110.0000 -9.7534 1.6000
138.6930 -5.2534 1.6000
122.6770 -0.7534 1.6000
145.6510 -8.7534 1.6000
147.4840 -5.2534 1.6000
135.4860 -6.2534 1.6000
140.6100 -8.7534 1.6000
131.2490 -4.2534 1.6000
114.4420 -2.7534 1.6000
98.2823 -5.2534 1.6000
139.4950 -7.7534 1.6000
131.6120 -4.2534 1.6000
93.1103 -5.2534 1.6000
123.4590 -6.2534 1.6000
144.2310 -5.2534 1.6000
129.4340 -8.7534 1.6000
101.2560 -1.7534 1.6000
111.1150 -6.2534 1.6000
100.0550 -1.7534 1.6000
140.5500 -5.2534 1.6000
123.0000 -6.2534 1.6000
126.9740 -9.7534 1.6000
114.0740 -6.2534 1.6000
142.0150 -9.7534 1.6000
130.6790 -2.7534 1.6000
109.5110 -9.7534 1.6000
109.3900 -9.7534 1.6000
96.5502 -5.2534 1.6000
140.2140 -8.7534 1.6000
131.0110 -9.7534 1.6000
118.2140 -2.7534 1.6000
102.5130 -8.7534 1.6000
123.3140 -9.7534 1.6000
143.4070 -5.2534 1.6000
129.4770 -8.7534 1.6000
106.1420 -8.7534 1.6000
140.4970 -8.7534 1.6000
98.1274 -1.7534 1.6000
103.3160 -2.7534 1.6000
116.7510 -6.2534 1.6000
111.9010 -9.7534 1.6000
102.2280 -8.7534 1.6000
142.5270 -1.7534 1.6000
111.9890 -1.7534 1.6000
133.6710 -8.7534 1.6000
96.9020 -5.2534 1.6000
143.5170 -5.2534 1.6000
130.2980 -1.7534 1.6000
104.6700 -5.2534 1.6000
98.4719 -8.7534 1.6000
123.9780 -4.2534 1.6000
113.2060 -6.2534 1.6000
143.7640 -7.7534 1.6000
94.3440 -8.7534 1.6000
105.4480 -5.2534 1.6000
141.9140 -1.7534 1.6000
94.6593 -8.7534 1.6000
126.2790 -8.7534 1.6000
130.5570 -4.2534 1.6000
146.4220 -8.7534 1.6000
113.5820 -4.2534 1.6000
105.0260 -8.7534 1.6000
147.4460 -8.7534 1.6000
112.0640 -4.2534 1.6000
130.0740 -8.7534 1.6000
95.4284 -8.7534 1.6000
117.9870 -9.7534 1.6000
120.3120 -0.7534 1.6000
140.6430 -4.2534 1.6000
96.8172 -5.2534 1.6000
134.8020 -5.2534 1.6000
100.6790 -1.7534 1.6000
121.1250 -2.7534 1.6000
109.0260 -2.7534 1.6000
100.1700 -1.7534 1.6000
119.2400 -9.7534 1.6000
124.3200 -6.2534 1.6000
144.9010 -5.2534 1.6000
115.5570 -4.2534 1.6000
104.4930 -8.7534 1.6000
112.5090 -2.7534 1.6000
133.3140 -5.2534 1.6000
97.1453 -1.7534 1.6000
122.4840 -6.2534 1.6000
144.4680 -8.7534 1.6000
106.9160 -2.7534 1.6000
134.2120 -8.7534 1.6000
127.3840 -2.7534 1.6000
96.0890 -5.2534 1.6000
144.8760 -8.7534 1.6000
148.7970 -6.2534 1.6000
107.0670 -1.7534 1.6000
144.3240 -8.7534 1.6000
111.2160 -9.7534 1.6000
101.5580 -1.7534 1.6000
144.1560 -1.7534 1.6000
112.7680 -7.7534 1.6000
131.1490 -8.7534 1.6000
145.8280 -8.7534 1.6000
143.3920 -5.2534 1.6000
138.8280 -8.7534 1.6000
117.8710 -9.7534 1.6000
110.8880 -8.7534 1.6000
106.3850 -2.7534 1.6000
92.6909 -8.7534 1.6000
103.8880 -8.7534 1.6000
125.6690 -2.7534 1.6000
132.8660 -5.2534 1.6000
145.8550 -0.7534 1.6000
142.8340 -5.2534 1.6000
136.9320 -1.7534 1.6000
121.1690 -4.2534 1.6000
128.1690 -4.2534 1.6000
121.5410 -7.7534 1.6000
140.3980 -1.7534 1.6000
111.5240 -6.2534 1.6000
120.4340 -2.7534 1.6000
104.9150 -1.7534 1.6000
129.1320 -9.7534 1.6000
145.4390 -5.2534 1.6000
139.8650 -8.7534 1.6000
93.0537 -5.2534 1.6000
147.2700 -8.7534 1.6000
103.5980 -5.2534 1.6000
122.0820 -4.2534 1.6000
129.0820 -6.2534 1.6000
110.5160 -9.7534 1.6000
111.3060 -6.2534 1.6000
122.0950 -6.2534 1.6000
126.0030 -9.7534 1.6000
124.5540 -2.7534 1.6000
118.5130 -9.7534 1.6000
97.5228 -8.7534 1.6000
111.5130 -9.7534 1.6000
95.0690 -5.2534 1.6000
102.0690 -5.2534 1.6000
102.4770 -1.7534 1.6000
115.5300 -2.7534 1.6000
119.6140 -2.7534 1.6000
126.9980 -6.2534 1.6000
130.0630 -8.7534 1.6000
114.9400 -9.7534 1.6000
134.1870 -6.2534 1.6000
115.8090 -7.7534 1.6000
123.6190 -7.7534 1.6000
108.8090 -7.7534 1.6000
146.4360 -8.7534 1.6000
139.4360 -8.7534 1.6000
147.0780 -6.2534 1.6000
127.0410 -9.7534 1.6000
144.5690 -8.7534 1.6000
137.5690 -8.7534 1.6000
112.3370 -2.7534 1.6000
104.0270 -8.7534 1.6000
107.4770 -5.2534 1.6000
112.1910 -9.7534 1.6000
99.8001 -1.7534 1.6000
116.9590 -2.7534 1.6000
120.7480 -2.7534 1.6000
141.4230 -1.7534 1.6000
112.4450 -9.7534 1.6000
124.2670 -4.2534 1.6000
127.1470 -9.7534 1.6000
101.1380 -8.7534 1.6000
145.1000 -8.7534 1.6000
136.8270 -8.7534 1.6000
113.2670 -9.7534 1.6000
116.9290 -4.2534 1.6000
142.2810 -8.7534 1.6000
95.8225 -5.2534 1.6000
109.1400 -8.7534 1.6000
135.8200 -1.7534 1.6000
141.0770 -8.7534 1.6000
120.5170 -6.2534 1.6000
147.2700 -8.7534 1.6000
95.1549 -2.7534 1.6000
101.9430 -8.7534 1.6000
130.6340 -1.7534 1.6000
125.6960 -2.7534 1.6000
105.7660 -6.2534 1.6000
108.7310 -8.7534 1.6000
103.5170 -2.7534 1.6000
129.0870 -8.7534 1.6000
111.8260 -8.7534 1.6000
100.9210 -8.7534 1.6000
135.4020 -1.7534 1.6000
136.5210 -2.7534 1.6000
101.3540 -5.2534 1.6000
103.9520 -8.7534 1.6000
114.3780 -9.7534 1.6000
111.7230 -9.7534 1.6000
98.9553 -1.7534 1.6000
129.7390 -0.7534 1.6000
143.7740 -5.2534 1.6000
132.3180 -5.2534 1.6000
111.4770 -9.7534 1.6000
106.9770 -8.7534 1.6000
110.8770 -6.2534 1.6000
135.0480 -8.7534 1.6000
96.4724 -5.2534 1.6000
145.2290 -8.7534 1.6000
111.0320 -8.7534 1.6000
123.5630 -6.2534 1.6000
102.4760 -8.7534 1.6000
105.1980 -1.7534 1.6000
144.5420 -9.7534 1.6000
103.7830 -1.7534 1.6000
93.7210 -5.2534 1.6000
124.1050 -7.7534 1.6000
113.3110 -9.7534 1.6000
100.2950 -1.7534 1.6000
127.2000 -9.7534 1.6000
132.9960 -8.7534 1.6000
119.5000 -9.7534 1.6000
118.7210 -9.7534 1.6000
93.1147 -5.2534 1.6000
124.9500 -6.2534 1.6000
96.9106 -8.7534 1.6000
103.5270 -8.7534 1.6000
136.6270 -1.7534 1.6000
122.2100 -4.2534 1.6000
108.1440 -6.2534 1.6000
102.4690 -8.7534 1.6000
101.0580 -5.2534 1.6000
109.4690 -8.7534 1.6000
108.0580 -5.2534 1.6000
123.3760 -9.7534 1.6000
142.4870 -8.7534 1.6000
134.3130 -5.2534 1.6000
106.4080 -8.7534 1.6000
116.0210 -6.2534 1.6000
144.5620 -8.7534 1.6000
106.3350 -8.7534 1.6000
115.3850 -9.7534 1.6000
133.9620 -9.7534 1.6000
106.4270 -8.7534 1.6000
139.4380 -8.7534 1.6000
124.0630 -7.7534 1.6000
134.5040 -8.7534 1.6000
129.3930 -9.7534 1.6000
128.6320 -2.7534 1.6000
107.3130 -1.7534 1.6000
94.4259 -8.7534 1.6000
146.9180 -5.2534 1.6000
140.5530 -1.7534 1.6000
129.7750 -9.7534 1.6000
141.2450 -4.2534 1.6000
123.9120 -2.7534 1.6000
103.4230 -1.7534 1.6000
114.2120 -9.7534 1.6000
129.0890 -6.2534 1.6000
139.9710 -1.7534 1.6000
139.3520 -8.7534 1.6000
146.3520 -8.7534 1.6000
117.6800 -2.7534 1.6000
99.5261 -5.2534 1.6000
122.5920 -7.7534 1.6000
104.7000 -8.7534 1.6000
106.0460 -8.7534 1.6000
143.3130 -1.7534 1.6000
103.2920 -2.7534 1.6000
129.7360 -9.7534 1.6000
92.5397 -8.7534 1.6000
128.1350 -7.7534 1.6000
100.1050 -1.7534 1.6000
127.4310 -1.7534 1.6000
113.2400 -7.7534 1.6000
133.5340 -1.7534 1.6000
145.2330 -5.2534 1.6000
97.8915 -5.2534 1.6000
135.9520 -5.2534 1.6000
105.0160 -1.7534 1.6000
128.0790 -9.7534 1.6000
99.7214 -8.7534 1.6000
100.8480 -1.7534 1.6000
139.1550 -8.7534 1.6000
106.2920 -5.2534 1.6000
98.4713 -5.2534 1.6000
103.0570 -2.7534 1.6000
121.9530 -9.7534 1.6000
111.8400 -9.7534 1.6000
141.8210 -8.7534 1.6000
97.5719 -1.7534 1.6000
128.6180 -5.2534 1.6000
107.2820 -6.2534 1.6000
142.8660 -7.7534 1.6000
95.2740 -8.7534 1.6000
118.3360 -9.7534 1.6000
143.2660 -1.7534 1.6000
122.7760 -6.2534 1.6000
130.0990 -9.7534 1.6000
97.3293 -8.7534 1.6000
99.0286 -2.7534 1.6000
104.3680 -5.2534 1.6000
114.9020 -6.2534 1.6000
130.1140 -8.7534 1.6000
112.3980 -2.7534 1.6000
103.6190 -8.7534 1.6000
108.8580 -6.2534 1.6000
130.3860 -8.7534 1.6000
93.5504 -8.7534 1.6000
125.8860 -9.7534 1.6000
103.1130 -5.2534 1.6000
126.5300 -9.7534 1.6000
134.5790 -8.7534 1.6000
107.5150 -8.7534 1.6000
123.7920 -7.7534 1.6000
128.3770 -2.7534 1.6000
116.9660 -4.2534 1.6000
103.6340 -1.7534 1.6000
126.4420 -2.7534 1.6000
106.9020 -8.7534 1.6000
125.3390 -6.2534 1.6000
94.9155 -7.7534 1.6000
118.4110 -6.2534 1.6000
139.5230 -8.7534 1.6000
104.4470 -8.7534 1.6000
109.1450 -2.7534 1.6000
107.1480 -5.2534 1.6000
124.4310 -6.2534 1.6000
130.2760 -1.7534 1.6000
114.6410 -9.7534 1.6000
130.2930 -0.7534 1.6000
96.5814 -5.2534 1.6000
113.8110 -9.7534 1.6000
137.5250 -8.7534 1.6000
136.1690 -5.2534 1.6000
130.8790 -8.7534 1.6000
110.2230 -9.7534 1.6000
142.3700 -8.7534 1.6000
106.3810 -2.7534 1.6000
113.8760 -9.7534 1.6000
109.3760 -8.7534 1.6000
105.5480 -5.2534 1.6000
137.9040 -5.2534 1.6000
106.9990 -0.7534 1.6000
146.0050 -1.7534 1.6000
133.3910 -8.7534 1.6000
96.8904 -8.7534 1.6000
105.0720 -5.2534 1.6000
135.1360 -5.2534 1.6000
107.8250 -8.7534 1.6000
120.9030 -4.2534 1.6000
128.5380 -7.7534 1.6000
138.9930 -7.7534 1.6000
106.6580 -2.7534 1.6000
113.4510 -9.7534 1.6000
127.6540 -5.2534 1.6000
111.7870 -6.2534 1.6000
125.6660 -2.7534 1.6000
124.6910 -5.2534 1.6000
129.7660 -7.7534 1.6000
122.7660 -9.7534 1.6000
100.9040 -8.7534 1.6000
124.3670 -2.7534 1.6000
132.5410 -5.2534 1.6000
108.6030 -8.7534 1.6000
126.8910 -9.7534 1.6000
94.1437 -8.7534 1.6000
145.3630 -1.7534 1.6000
114.0090 -4.2534 1.6000
146.1630 -5.2534 1.6000
140.1870 -5.2534 1.6000
107.6990 -2.7534 1.6000
103.3450 -7.7534 1.6000
92.6640 -9.7534 1.6000
109.4100 -9.7534 1.6000
107.6620 -2.7534 1.6000
122.0800 -2.7534 1.6000
142.5900 -8.7534 1.6000
109.1850 -1.7534 1.6000
97.8083 -5.2534 1.6000
113.2680 -9.7534 1.6000
137.5820 -8.7534 1.6000
110.6180 -9.7534 1.6000
113.9710 -2.7534 1.6000
136.6980 -8.7534 1.6000
143.6980 -8.7534 1.6000
93.9265 -8.7534 1.6000
98.8143 -5.2534 1.6000
109.9950 -8.7534 1.6000
132.1620 -8.7534 1.6000
97.7931 -6.2534 1.6000
113.6270 -0.7534 1.6000
105.5650 -7.7534 1.6000
145.4610 -8.7534 1.6000
128.7250 -1.7534 1.6000
114.2040 -9.7534 1.6000
101.8710 -5.2534 1.6000
114.7780 -6.2534 1.6000
126.9320 -4.2534 1.6000
130.4430 -8.7534 1.6000
144.4110 -1.7534 1.6000
142.6850 -5.2534 1.6000
132.0860 -2.7534 1.6000
129.4190 -9.7534 1.6000
99.3000 -1.7534 1.6000
141.9850 -5.2534 1.6000
102.5590 -8.7534 1.6000
141.7960 -5.2534 1.6000
111.1540 -8.7534 1.6000
121.1600 -9.7534 1.6000
101.0340 -8.7534 1.6000
135.1380 -5.2534 1.6000
95.7259 -5.2534 1.6000
108.0140 -7.7534 1.6000
112.3050 -6.2534 1.6000
122.0090 -2.7534 1.6000
111.4890 -2.7534 1.6000
113.1320 -9.7534 1.6000
107.8860 -5.2534 1.6000
104.3720 -8.7534 1.6000
145.3070 -1.7534 1.6000
139.0260 -5.2534 1.6000
108.6950 -2.7534 1.6000
117.7280 -2.7534 1.6000
93.8379 -8.7534 1.6000
129.2300 -6.2534 1.6000
138.0720 -8.7534 1.6000
125.3200 -9.7534 1.6000
140.3490 -1.7534 1.6000
130.6670 -2.7534 1.6000
106.8850 -1.7534 1.6000
138.2200 -1.7534 1.6000
92.2847 -7.7534 1.6000
121.8100 -9.7534 1.6000
114.8500 -4.2534 1.6000
143.5440 -8.7534 1.6000
95.0773 -1.7534 1.6000
146.2580 -1.7534 1.6000
116.2550 -2.7534 1.6000
139.7500 -5.2534 1.6000
145.5710 -8.7534 1.6000
107.0070 -6.2534 1.6000
119.0700 -6.2534 1.6000
92.1173 -9.7534 1.6000
101.3780 -8.7534 1.6000
116.6210 -8.7534 1.6000
130.5050 -8.7534 1.6000
142.4590 -1.7534 1.6000
104.5630 -5.2534 1.6000
116.0630 -6.2534 1.6000
95.1333 -1.7534 1.6000
100.4360 -5.2534 1.6000
95.8434 -8.7534 1.6000
138.0360 -7.7534 1.6000
107.9650 -2.7534 1.6000
129.3910 -7.7534 1.6000
98.8534 -5.2534 1.6000
96.9436 -8.7534 1.6000
141.2870 -1.7534 1.6000
111.8270 -9.7534 1.6000
123.7900 -9.7534 1.6000
134.3200 -2.7534 1.6000
105.2080 -5.2534 1.6000
116.5500 -9.7534 1.6000
109.7080 -6.2534 1.6000
129.4270 -8.7534 1.6000
123.7700 -7.7534 1.6000
135.1470 -2.7534 1.6000
127.1160 -4.2534 1.6000
138.2630 -5.2534 1.6000
95.8898 -1.7534 1.6000
130.3430 -6.2534 1.6000
142.3180 -8.7534 1.6000
117.3240 -9.7534 1.6000
128.1460 -0.7534 1.6000
111.4470 -9.7534 1.6000
147.0920 -6.2534 1.6000
106.9470 -8.7534 1.6000
118.0590 -2.7534 1.6000
110.6490 -9.7534 1.6000
127.6560 -2.7534 1.6000
146.0750 -8.7534 1.6000
116.9490 -9.7534 1.6000
114.3530 -6.2534 1.6000
95.3187 -1.7534 1.6000
106.0720 -4.2534 1.6000
128.2910 -9.7534 1.6000
127.0890 -1.7534 1.6000
140.2930 -1.7534 1.6000
103.8630 -5.2534 1.6000
99.2695 -8.7534 1.6000
137.8060 -1.7534 1.6000
109.3310 -9.7534 1.6000
114.1050 -6.2534 1.6000
140.7490 -1.7534 1.6000
129.5540 -4.2534 1.6000
107.1590 -8.7534 1.6000
100.1590 -8.7534 1.6000
93.2074 -1.7534 1.6000
146.0180 -8.7534 1.6000
130.2640 -8.7534 1.6000
103.8970 -5.2534 1.6000
140.4890 -7.7534 1.6000
114.0120 -2.7534 1.6000
99.7108 -5.2534 1.6000
143.5300 -1.7534 1.6000
107.1770 -4.2534 1.6000
124.2800 -9.7534 1.6000
118.1470 -2.7534 1.6000
104.7640 -2.7534 1.6000
141.8390 -5.2534 1.6000
128.8410 -8.7534 1.6000
103.2460 -8.7534 1.6000
127.9280 -6.2534 1.6000
117.1360 -7.7534 1.6000
109.7680 -7.7534 1.6000
105.1230 -5.2534 1.6000
132.0790 -6.2534 1.6000
108.1980 -8.7534 1.6000
110.3150 -4.2534 1.6000
105.8150 -5.2534 1.6000
129.4680 -5.2534 1.6000
102.6180 -5.2534 1.6000
113.6240 -7.7534 1.6000
141.3540 -8.7534 1.6000
134.3540 -8.7534 1.6000
116.1970 -2.7534 1.6000
130.8000 -6.2534 1.6000
94.6698 -9.7534 1.6000
129.7750 -2.7534 1.6000
144.8440 -5.2534 1.6000
133.9400 -5.2534 1.6000
146.9510 -8.7534 1.6000
110.4590 -8.7534 1.6000
95.1468 -8.7534 1.6000
140.7050 -8.7534 1.6000
111.0740 -4.2534 1.6000
109.3400 -8.7534 1.6000
113.5700 -9.7534 1.6000
104.0880 -5.2534 1.6000
107.3270 -2.7534 1.6000
147.4750 -5.2534 1.6000
130.6950 -8.7534 1.6000
123.5550 -7.7534 1.6000
113.5660 -4.2534 1.6000
124.8260 -4.2534 1.6000
136.1140 -1.7534 1.6000
125.1170 -9.7534 1.6000
106.8410 -6.2534 1.6000
96.7114 -5.2534 1.6000
114.4830 -6.2534 1.6000
142.7280 -8.7534 1.6000
134.1050 -2.7534 1.6000
123.7930 -9.7534 1.6000
144.3200 -5.2534 1.6000
101.7630 -1.7534 1.6000
99.9690 -7.7534 1.6000
144.8210 -8.7534 1.6000
143.5070 -5.2534 1.6000
111.0340 -7.7534 1.6000
101.0350 -1.7534 1.6000
108.7870 -2.7534 1.6000
149.9290 -6.2534 1.6000
143.8670 -1.7534 1.6000
124.7930 -8.7534 1.6000
93.5481 -5.2534 1.6000
115.8700 -9.7534 1.6000
96.9155 -8.7534 1.6000
134.2240 -4.2534 1.6000
122.8700 -9.7534 1.6000
110.6360 -8.7534 1.6000
101.5830 -5.2534 1.6000
145.2210 -1.7534 1.6000
143.8910 -4.2534 1.6000
122.6630 -9.7534 1.6000
136.3880 -7.7534 1.6000
102.6810 -5.2534 1.6000
119.7060 -2.7534 1.6000
141.6910 -4.2534 1.6000
125.0880 -2.7534 1.6000
95.2940 -8.7534 1.6000
127.9300 -9.7534 1.6000
120.8490 -6.2534 1.6000
128.1770 -9.7534 1.6000
105.8680 -5.2534 1.6000
105.4600 -2.7534 1.6000
124.7060 -2.7534 1.6000
102.9150 -1.7534 1.6000
115.1080 -9.7534 1.6000
117.9490 -6.2534 1.6000
128.7240 -2.7534 1.6000
130.1760 -8.7534 1.6000
125.6760 -9.7534 1.6000
116.4540 -9.7534 1.6000
107.8410 -2.7534 1.6000
97.4849 -8.7534 1.6000
120.4240 -6.2534 1.6000
119.7280 -9.7534 1.6000
107.4010 -5.2534 1.6000
94.4263 -1.7534 1.6000
98.3852 -8.7534 1.6000
142.0630 -0.7534 1.6000
98.5574 -8.7534 1.6000
105.5570 -8.7534 1.6000
122.9200 -7.7534 1.6000
112.0340 -9.7534 1.6000
143.9160 -8.7534 1.6000
97.5711 -8.7534 1.6000
134.1400 -2.7534 1.6000
98.3123 -5.2534 1.6000
115.2340 -9.7534 1.6000
145.4810 -1.7534 1.6000
117.5200 -6.2534 1.6000
107.8100 -6.2534 1.6000
147.6260 -9.7534 1.6000
146.6750 -1.7534 1.6000
138.7040 -7.7534 1.6000
96.6117 -5.2534 1.6000
145.7820 -7.7534 1.6000
122.6430 -6.2534 1.6000
141.0620 -0.7534 1.6000
145.5620 -1.7534 1.6000
130.2330 -2.7534 1.6000
105.9340 -6.2534 1.6000
116.7410 -9.7534 1.6000
148.4280 -5.2534 1.6000
109.8270 -9.7534 1.6000
142.6380 -1.7534 1.6000
105.3270 -8.7534 1.6000
111.4210 -2.7534 1.6000
109.0060 -2.7534 1.6000
103.5360 -8.7534 1.6000
106.4220 -4.2534 1.6000
146.9260 -8.7534 1.6000
143.9320 -1.7534 1.6000
129.8480 -2.7534 1.6000
104.4740 -8.7534 1.6000
110.5670 -9.7534 1.6000
144.1550 -1.7534 1.6000
109.8150 -8.7534 1.6000
95.6426 -0.7534 1.6000
140.9530 -5.2534 1.6000
125.6150 -5.2534 1.6000
109.3980 -8.7534 1.6000
115.7780 -6.2534 1.6000
99.7709 -8.7534 1.6000
110.3410 -2.7534 1.6000
133.3640 -6.2534 1.6000
130.5430 -2.7534 1.6000
130.3870 -8.7534 1.6000
117.8610 -6.2534 1.6000
102.8930 -2.7534 1.6000
111.2390 -8.7534 1.6000
104.2390 -8.7534 1.6000
128.3810 -2.7534 1.6000
130.3850 -8.7534 1.6000
110.5890 -9.7534 1.6000
124.8840 -6.2534 1.6000
105.0340 -2.7534 1.6000
121.5430 -4.2534 1.6000
96.1380 -8.7534 1.6000
109.4340 -8.7534 1.6000
113.9660 -2.7534 1.6000
109.8710 -8.7534 1.6000
105.9580 -6.2534 1.6000
127.2410 -2.7534 1.6000
93.5559 -8.7534 1.6000
125.5650 -2.7534 1.6000
101.9680 -7.7534 1.6000
138.9110 -0.7534 1.6000
126.0290 -2.7534 1.6000
129.5680 -6.2534 1.6000
94.3295 -8.7534 1.6000
105.5740 -8.7534 1.6000
136.6460 -2.7534 1.6000
106.2300 -8.7534 1.6000
147.3930 -1.7534 1.6000
122.4410 -9.7534 1.6000
145.3410 -5.2534 1.6000
122.9710 -2.7534 1.6000
146.6850 -1.7534 1.6000
135.4300 -5.2534 1.6000
119.2440 -9.7534 1.6000
105.1940 -5.2534 1.6000
114.3300 -2.7534 1.6000
100.9830 -8.7534 1.6000
118.0730 -6.2534 1.6000
127.6580 -9.7534 1.6000
132.9720 -5.2534 1.6000
141.1080 -8.7534 1.6000
97.2110 -5.2534 1.6000
105.8990 -7.7534 1.6000
118.0750 -2.7534 1.6000
104.8870 -1.7534 1.6000
103.0750 -1.7534 1.6000
141.5230 -1.7534 1.6000
111.3570 -4.2534 1.6000
107.0210 -7.7534 1.6000
141.4140 -8.7534 1.6000
114.7430 -6.2534 1.6000
118.8450 -2.7534 1.6000
104.7770 -1.7534 1.6000
103.6350 -5.2534 1.6000
108.8290 -2.7534 1.6000
129.1620 -8.7534 1.6000
124.6620 -9.7534 1.6000
115.0510 -9.7534 1.6000
99.9008 -1.7534 1.6000
98.3277 -5.2534 1.6000
132.7030 -5.2534 1.6000
127.4420 -2.7534 1.6000
119.8300 -9.7534 1.6000
128.9580 -6.2534 1.6000
141.5840 -8.7534 1.6000
108.7490 -6.2534 1.6000
102.2500 -1.7534 1.6000
96.1613 -8.7534 1.6000
113.2670 -9.7534 1.6000
105.6060 -8.7534 1.6000
121.6960 -4.2534 1.6000
146.1100 -6.2534 1.6000
93.8203 -8.7534 1.6000
122.1970 -6.2534 1.6000
125.5350 -9.7534 1.6000
123.1350 -2.7534 1.6000
146.8840 -1.7534 1.6000
104.9950 -8.7534 1.6000
119.6990 -9.7534 1.6000
104.9180 -5.2534 1.6000
144.7950 -5.2534 1.6000
104.3620 -1.7534 1.6000
107.6560 -4.2534 1.6000
101.1960 -8.7534 1.6000
139.5850 -1.7534 1.6000
123.4670 -6.2534 1.6000
110.0260 -0.7534 1.6000
116.4670 -6.2534 1.6000
136.6350 -2.7534 1.6000
108.1790 -2.7534 1.6000
103.6790 -1.7534 1.6000
113.8010 -9.7534 1.6000
102.2570 -5.2534 1.6000
116.6940 -5.2534 1.6000
105.1840 -4.2534 1.6000
112.7250 -7.7534 1.6000
119.7250 -9.7534 1.6000
101.5960 -8.7534 1.6000
128.2120 -9.7534 1.6000
115.3190 -9.7534 1.6000
99.7307 -2.7534 1.6000
145.1730 -5.2534 1.6000
106.4960 -8.7534 1.6000
136.8130 -5.2534 1.6000
139.2300 -0.7534 1.6000
112.1560 -1.7534 1.6000
139.5280 -5.2534 1.6000
92.7562 -8.7534 1.6000
130.3330 -6.2534 1.6000
134.0710 -6.2534 1.6000
146.8130 -8.7534 1.6000
144.4450 -1.7534 1.6000
126.7600 -9.7534 1.6000
92.9785 -8.7534 1.6000
99.1255 -1.7534 1.6000
141.1200 -4.2534 1.6000
105.8350 -5.2534 1.6000
115.0320 -9.7534 1.6000
106.8330 -5.2534 1.6000
94.7700 -1.7534 1.6000
135.9470 -1.7534 1.6000
124.7450 -6.2534 1.6000
113.8560 -9.7534 1.6000
124.7350 -2.7534 1.6000
144.1720 -8.7534 1.6000
144.3820 -8.7534 1.6000
141.4500 -0.7534 1.6000
126.9990 -5.2534 1.6000
107.4460 -6.2534 1.6000
127.1900 -9.7534 1.6000
135.1190 -2.7534 1.6000
128.9680 -6.2534 1.6000
116.4140 -9.7534 1.6000
137.0510 -2.7534 1.6000
134.9290 -8.7534 1.6000
94.3497 -1.7534 1.6000
111.4540 -6.2534 1.6000
137.9570 -8.7534 1.6000
103.5370 -5.2534 1.6000
118.1350 -6.2534 1.6000
120.1800 -9.7534 1.6000
98.3537 -5.2534 1.6000
101.3620 -8.7534 1.6000
112.7960 -2.7534 1.6000
105.3540 -5.2534 1.6000
145.3910 -7.7534 1.6000
138.3910 -7.7534 1.6000
117.4700 -0.7534 1.6000
98.3841 -1.7534 1.6000
141.3510 -7.7534 1.6000
97.4873 -8.7534 1.6000
103.5810 -1.7534 1.6000
116.8950 -6.2534 1.6000
128.6230 -9.7534 1.6000
132.8230 -4.2534 1.6000
118.5980 -6.2534 1.6000
106.2440 -8.7534 1.6000
101.6340 -8.7534 1.6000
142.3190 -5.2534 1.6000
119.4280 -9.7534 1.6000
101.9600 -5.2534 1.6000
146.2520 -6.2534 1.6000
141.5600 -5.2534 1.6000
130.5990 -7.7534 1.6000
105.6290 -8.7534 1.6000
125.2890 -9.7534 1.6000
112.9420 -2.7534 1.6000
98.5014 -8.7534 1.6000
100.5670 -1.7534 1.6000
138.2570 -5.2534 1.6000
142.5820 -8.7534 1.6000
124.3870 -2.7534 1.6000
120.1420 -9.7534 1.6000
146.9380 -8.7534 1.6000
96.3950 -5.2534 1.6000
126.4790 -0.7534 1.6000
141.5460 -0.7534 1.6000
122.2310 -1.7534 1.6000
116.8950 -9.7534 1.6000
131.1330 -4.2534 1.6000
109.8950 -7.7534 1.6000
94.6385 -8.7534 1.6000
119.1180 -2.7534 1.6000
102.5920 -8.7534 1.6000
121.8250 -9.7534 1.6000
105.9810 -5.2534 1.6000
110.5170 -9.7534 1.6000
96.5010 -1.7534 1.6000
120.7390 -2.7534 1.6000
134.6520 -5.2534 1.6000
114.8800 -9.7534 1.6000
102.3870 -8.7534 1.6000
128.6430 -9.7534 1.6000
121.4220 -2.7534 1.6000
91.9855 -7.7534 1.6000
136.0820 -7.7534 1.6000
126.5820 -8.7534 1.6000
116.3060 -4.2534 1.6000
108.2400 -4.2534 1.6000
130.7570 -4.2534 1.6000
106.2760 -1.7534 1.6000
121.0990 -6.2534 1.6000
140.3310 -8.7534 1.6000
106.2860 -6.2534 1.6000
115.5520 -9.7534 1.6000
146.2730 -1.7534 1.6000
145.0080 -5.2534 1.6000
111.0750 -8.7534 1.6000
123.4990 -9.7534 1.6000
122.5860 -1.7534 1.6000
103.7560 -5.2534 1.6000
133.8220 -5.2534 1.6000
110.4820 -8.7534 1.6000
120.2760 -7.7534 1.6000
101.1030 -1.7534 1.6000
120.6030 -2.7534 1.6000
142.0170 -5.2534 1.6000
115.1550 -9.7534 1.6000
130.8750 -8.7534 1.6000
110.5070 -8.7534 1.6000
144.8700 -8.7534 1.6000
112.8620 -2.7534 1.6000
106.4280 -6.2534 1.6000
147.2120 -2.7534 1.6000
146.2990 -8.7534 1.6000
123.9020 -9.7534 1.6000
124.2220 -2.7534 1.6000
117.2220 -2.7534 1.6000
93.5733 -5.2534 1.6000
146.9000 -5.2534 1.6000
119.7940 -9.7534 1.6000
126.7940 -9.7534 1.6000
136.1840 -1.7534 1.6000
123.7670 -7.7534 1.6000
108.7230 -6.2534 1.6000
131.2950 -5.2534 1.6000
105.3780 -2.7534 1.6000
148.6790 -9.7534 1.6000
114.4260 -6.2534 1.6000
140.3330 -1.7534 1.6000
92.7101 -5.2534 1.6000
119.2470 -2.7534 1.6000
97.5881 -1.7534 1.6000
109.3960 -6.2534 1.6000
104.8960 -5.2534 1.6000
96.8186 -5.2534 1.6000
146.0770 -8.7534 1.6000
147.8980 -2.7534 1.6000
109.6920 -2.7534 1.6000
125.2240 -2.7534 1.6000
112.1040 -5.2534 1.6000
124.9220 -9.7534 1.6000
146.3100 -5.2534 1.6000
119.9380 -6.2534 1.6000
99.7135 -1.7534 1.6000
110.6270 -6.2534 1.6000
140.3340 -8.7534 1.6000
130.5260 -8.7534 1.6000
132.6020 -5.2534 1.6000
93.6420 -8.7534 1.6000
95.3309 -5.2534 1.6000
143.4970 -8.7534 1.6000
105.9260 -2.7534 1.6000
103.0640 -7.7534 1.6000
120.7780 -7.7534 1.6000
115.3400 -2.7534 1.6000
137.2640 -5.2534 1.6000
127.9930 -8.7534 1.6000
112.9700 -9.7534 1.6000
135.6850 -2.7534 1.6000
147.1110 -8.7534 1.6000
116.5420 -2.7534 1.6000
124.7110 -6.2534 1.6000
126.0030 -9.7534 1.6000
144.3060 -1.7534 1.6000
105.4720 -1.7534 1.6000
141.4370 -8.7534 1.6000
118.1030 -9.7534 1.6000
120.0720 -2.7534 1.6000
118.9220 -6.2534 1.6000
132.7780 -8.7534 1.6000
96.1562 -8.7534 1.6000
124.7630 -9.7534 1.6000
146.8940 -5.2534 1.6000
112.9080 -6.2534 1.6000
122.9830 -9.7534 1.6000
107.7630 -2.7534 1.6000
138.9960 -5.2534 1.6000
106.5790 -5.2534 1.6000
114.3500 -7.7534 1.6000
137.6190 -8.7534 1.6000
110.0270 -4.2534 1.6000
144.6190 -8.7534 1.6000
135.6680 -8.7534 1.6000
141.4050 -1.7534 1.6000
133.3070 -2.7534 1.6000
129.5360 -9.7534 1.6000
141.7910 -1.7534 1.6000
133.0390 -8.7534 1.6000
114.9780 -6.2534 1.6000
116.3780 -9.7534 1.6000
111.9540 -9.7534 1.6000
112.6510 -6.2534 1.6000
144.9710 -5.2534 1.6000
132.7600 -8.7534 1.6000
124.5140 -9.7534 1.6000
108.9110 -9.7534 1.6000
101.7660 -8.7534 1.6000
130.2080 -6.2534 1.6000
141.6000 -5.2534 1.6000
108.3010 -2.7534 1.6000
121.5550 -6.2534 1.6000
127.7570 -2.7534 1.6000
118.9230 -7.7534 1.6000
121.1680 -2.7534 1.6000
106.4260 -2.7534 1.6000
134.3760 -8.7534 1.6000
139.4470 -5.2534 1.6000
101.0840 -1.7534 1.6000
121.6870 -2.7534 1.6000
140.2360 -8.7534 1.6000
108.2090 -7.7534 1.6000
96.5275 -5.2534 1.6000
97.5854 -1.7534 1.6000
103.5280 -5.2534 1.6000
95.3958 -8.7534 1.6000
100.1440 -1.7534 1.6000
113.0380 -8.7534 1.6000
135.1900 -1.7534 1.6000
99.5317 -1.7534 1.6000
108.9690 -2.7534 1.6000
112.5070 -6.2534 1.6000
147.1190 -8.7534 1.6000
107.2490 -6.2534 1.6000
147.3930 -7.7534 1.6000
141.7780 -4.2534 1.6000
125.1940 -2.7534 1.6000
94.3950 -5.2534 1.6000
134.7020 -1.7534 1.6000
112.6930 -9.7534 1.6000
94.7748 -8.7534 1.6000
130.4330 -9.7534 1.6000
132.9330 -5.2534 1.6000
130.1460 -2.7534 1.6000
118.8090 -2.7534 1.6000
109.4300 -6.2534 1.6000
138.0760 -8.7534 1.6000
109.4320 -9.7534 1.6000
128.3380 -7.7534 1.6000
110.4350 -4.2534 1.6000
92.5478 -1.7534 1.6000
115.3210 -8.7534 1.6000
139.3880 -0.7534 1.6000
99.1124 -5.2534 1.6000
95.3310 -8.7534 1.6000
142.0250 -0.7534 1.6000
114.4440 -9.7534 1.6000
135.8210 -8.7534 1.6000
127.8690 -4.2534 1.6000
135.4780 -5.2534 1.6000
99.1759 -8.7534 1.6000
95.0145 -1.7534 1.6000
104.6980 -4.2534 1.6000
138.5970 -8.7534 1.6000
125.7380 -8.7534 1.6000
136.5370 -1.7534 1.6000
146.5220 -1.7534 1.6000
106.6110 -8.7534 1.6000
123.8720 -9.7534 1.6000
119.8490 -9.7534 1.6000
138.9900 -5.2534 1.6000
125.4770 -6.2534 1.6000
135.9360 -5.2534 1.6000
103.1750 -2.7534 1.6000
114.5310 -7.7534 1.6000
121.3740 -2.7534 1.6000
134.9080 -5.2534 1.6000
112.3970 -9.7534 1.6000
132.7580 -5.2534 1.6000
143.7720 -5.2534 1.6000
122.7890 -2.7534 1.6000
138.7000 -5.2534 1.6000
123.7550 -9.7534 1.6000
97.5921 -5.2534 1.6000
106.5870 -8.7534 1.6000
112.3890 -7.7534 1.6000
96.9918 -5.2534 1.6000
127.9220 -4.2534 1.6000
141.0420 -5.2534 1.6000
121.7060 -6.2534 1.6000
103.1810 -1.7534 1.6000
136.1620 -8.7534 1.6000
128.6560 -9.7534 1.6000
119.8570 -9.7534 1.6000
96.5151 -0.7534 1.6000
125.0510 -2.7534 1.6000
136.7230 -1.7534 1.6000
106.7670 -8.7534 1.6000
103.4850 -5.2534 1.6000
124.3010 -9.7534 1.6000
103.5840 -2.7534 1.6000
132.4550 -8.7534 1.6000
94.6866 -8.7534 1.6000
101.6870 -8.7534 1.6000
146.4550 -8.7534 1.6000
106.1250 -5.2534 1.6000
116.1110 -0.7534 1.6000
143.5650 -1.7534 1.6000
104.1610 -1.7534 1.6000
139.0410 -5.2534 1.6000
129.3030 -8.7534 1.6000
118.1740 -6.2534 1.6000
113.4920 -9.7534 1.6000
137.6480 -5.2534 1.6000
136.6710 -8.7534 1.6000
121.8050 -2.7534 1.6000
95.7053 -8.7534 1.6000
104.0530 -5.2534 1.6000
119.6860 -9.7534 1.6000
130.4440 -8.7534 1.6000
115.8360 -6.2534 1.6000
126.3960 -6.2534 1.6000
122.1620 -9.7534 1.6000
102.5490 -8.7534 1.6000
133.3960 -4.2534 1.6000
129.6280 -6.2534 1.6000
131.8070 -2.7534 1.6000
105.4560 -0.7534 1.6000
119.3390 -4.2534 1.6000
109.8200 -4.2534 1.6000
138.3570 -7.7534 1.6000
101.8590 -7.7534 1.6000
129.0450 -2.7534 1.6000
130.5480 -9.7534 1.6000
94.0417 -5.2534 1.6000
124.8940 -4.2534 1.6000
111.0690 -7.7534 1.6000
111.6030 -9.7534 1.6000
107.1030 -8.7534 1.6000
120.9580 -6.2534 1.6000
103.8870 -2.7534 1.6000
109.7770 -8.7534 1.6000
102.7770 -8.7534 1.6000
138.4360 -1.7534 1.6000
128.5430 -9.7534 1.6000
128.8090 -9.7534 1.6000
99.8970 -8.7534 1.6000
133.7060 -6.2534 1.6000
126.5420 -2.7534 1.6000
140.5690 -5.2534 1.6000
127.4550 -4.2534 1.6000
116.8400 -4.2534 1.6000
109.6270 -9.7534 1.6000
108.7780 -8.7534 1.6000
145.5700 -5.2534 1.6000
138.5700 -5.2534 1.6000
134.0700 -6.2534 1.6000
140.2330 -5.2534 1.6000
94.4046 -8.7534 1.6000
127.2520 -9.7534 1.6000
122.7280 -6.2534 1.6000
119.6110 -9.7534 1.6000
109.0070 -6.2534 1.6000
126.4480 -2.7534 1.6000
101.8470 -8.7534 1.6000
101.5350 -8.7534 1.6000
138.3970 -1.7534 1.6000
108.5530 -8.7534 1.6000
131.3970 -1.7534 1.6000
96.7478 -1.7534 1.6000
97.0588 -5.2534 1.6000
119.0140 -2.7534 1.6000
109.8240 -8.7534 1.6000
132.0050 -6.2534 1.6000
139.9710 -8.7534 1.6000
109.5460 -8.7534 1.6000
98.5205 -8.7534 1.6000
103.6210 -8.7534 1.6000
104.1710 -2.7534 1.6000
123.7110 -6.2534 1.6000
110.0500 -9.7534 1.6000
115.5170 -6.2534 1.6000
135.3730 -8.7534 1.6000
125.7380 -9.7534 1.6000
116.0060 -9.7534 1.6000
145.8820 -5.2534 1.6000
98.3856 -1.7534 1.6000
129.4090 -4.2534 1.6000
142.1380 -8.7534 1.6000
119.2090 -6.2534 1.6000
145.3150 -8.7534 1.6000
138.3000 -1.7534 1.6000
110.0030 -8.7534 1.6000
114.8330 -9.7534 1.6000
105.8680 -8.7534 1.6000
143.7090 -0.7534 1.6000
104.7070 -5.2534 1.6000
143.1600 -1.7534 1.6000
95.9566 -8.7534 1.6000
112.4840 -9.7534 1.6000
105.9270 -5.2534 1.6000
113.7970 -9.7534 1.6000
103.8980 -2.7534 1.6000
112.9760 -6.2534 1.6000
124.4310 -9.7534 1.6000
97.5832 -6.2534 1.6000
92.0204 -2.7534 1.6000
116.8670 -2.7534 1.6000
103.4340 -1.7534 1.6000
142.1660 -8.7534 1.6000
138.5980 -5.2534 1.6000
93.4881 -8.7534 1.6000
104.9980 -2.7534 1.6000
100.4410 -1.7534 1.6000
123.3670 -2.7534 1.6000
95.2109 -8.7534 1.6000
106.4300 -8.7534 1.6000
143.6510 -5.2534 1.6000
110.7080 -1.7534 1.6000
147.4830 -1.7534 1.6000
96.7793 -1.7534 1.6000
130.5280 -1.7534 1.6000
120.1970 -4.2534 1.6000
99.5616 -8.7534 1.6000
114.9780 -7.7534 1.6000
92.5380 -1.7534 1.6000
125.3770 -9.7534 1.6000
115.1530 -9.7534 1.6000
135.4880 -8.7534 1.6000
118.4300 -9.7534 1.6000
128.7640 -6.2534 1.6000
137.3410 -2.7534 1.6000
97.5992 -8.7534 1.6000
128.0840 -9.7534 1.6000
108.0830 -0.7534 1.6000
121.0700 -4.2534 1.6000
108.5840 -8.7534 1.6000
124.4500 -2.7534 1.6000
100.8380 -1.7534 1.6000
113.0540 -7.7534 1.6000
115.0600 -4.2534 1.6000
93.4302 -8.7534 1.6000
112.8110 -9.7534 1.6000
139.1140 -8.7534 1.6000
132.1140 -8.7534 1.6000
113.9350 -9.7534 1.6000
146.5500 -9.7534 1.6000
122.6220 -6.2534 1.6000
141.3000 -4.2534 1.6000
112.0290 -9.7534 1.6000
95.6832 -1.7534 1.6000
138.6610 -9.7534 1.6000
107.4170 -6.2534 1.6000
101.7240 -5.2534 1.6000
120.1270 -2.7534 1.6000
120.2860 -9.7534 1.6000
95.5714 -1.7534 1.6000
136.3510 -1.7534 1.6000
142.9440 -5.2534 1.6000
104.6730 -8.7534 1.6000
133.4470 -5.2534 1.6000
114.0160 -2.7534 1.6000
123.0550 -2.7534 1.6000
120.7580 -6.2534 1.6000
107.2810 -8.7534 1.6000
93.0131 -1.7534 1.6000
106.1510 -2.7534 1.6000
138.0020 -8.7534 1.6000
130.6110 -2.7534 1.6000
102.4630 -7.7534 1.6000
123.2360 -9.7534 1.6000
136.4330 -5.2534 1.6000
97.2582 -5.2534 1.6000
137.6750 -1.7534 1.6000
124.8260 -9.7534 1.6000
129.4400 -6.2534 1.6000
98.7047 -5.2534 1.6000
118.5450 -9.7534 1.6000
107.2410 -5.2534 1.6000
113.6730 -2.7534 1.6000
102.1520 -8.7534 1.6000
144.2950 -5.2534 1.6000
106.7950 -2.7534 1.6000
138.6190 -8.7534 1.6000
145.6190 -8.7534 1.6000
138.6160 -5.2534 1.6000
114.9320 -9.7534 1.6000
127.9450 -2.7534 1.6000
100.5260 -1.7534 1.6000
128.6680 -2.7534 1.6000
117.1660 -2.7534 1.6000
129.0690 -9.7534 1.6000
114.8380 -9.7534 1.6000
125.8280 -6.2534 1.6000
142.9600 -5.2534 1.6000
111.5800 -2.7534 1.6000
130.1290 -8.7534 1.6000
116.2190 -2.7534 1.6000
106.8880 -8.7534 1.6000
133.3170 -6.2534 1.6000
143.9400 -8.7534 1.6000
96.3541 -8.7534 1.6000
131.0940 -0.7534 1.6000
122.9320 -2.7534 1.6000
106.8690 -8.7534 1.6000
117.3340 -1.7534 1.6000
109.5210 -8.7534 1.6000
132.7980 -8.7534 1.6000
97.9693 -8.7534 1.6000
131.7830 -6.2534 1.6000
141.7600 -8.7534 1.6000
126.0700 -9.7534 1.6000
136.2830 -5.2534 1.6000
129.2350 -8.7534 1.6000
98.4282 -5.2534 1.6000
107.9950 -5.2534 1.6000
105.7980 -8.7534 1.6000
106.9250 -2.7534 1.6000
124.3880 -6.2534 1.6000
133.2090 -5.2534 1.6000
102.3350 -8.7534 1.6000
138.9020 -8.7534 1.6000
112.7250 -2.7534 1.6000
117.8840 -6.2534 1.6000
103.1200 -8.7534 1.6000
111.1720 -7.7534 1.6000
97.6608 -1.7534 1.6000
144.1490 -5.2534 1.6000
104.6610 -1.7534 1.6000
131.4450 -8.7534 1.6000
107.3140 -7.7534 1.6000
133.0440 -6.2534 1.6000
139.7130 -5.2534 1.6000
92.9825 -8.7534 1.6000
145.8310 -0.7534 1.6000
123.2480 -6.2534 1.6000
145.8630 -5.2534 1.6000
101.2090 -1.7534 1.6000
142.1090 -8.7534 1.6000
108.8900 -7.7534 1.6000
135.1090 -8.7534 1.6000
122.7330 -6.2534 1.6000
102.3320 -5.2534 1.6000
130.0380 -8.7534 1.6000
136.9390 -2.7534 1.6000
111.1210 -8.7534 1.6000
133.1930 -8.7534 1.6000
106.2530 -5.2534 1.6000
145.5710 -1.7534 1.6000
103.0130 -8.7534 1.6000
124.8180 -6.2534 1.6000
115.3120 -2.7534 1.6000
131.8180 -6.2534 1.6000
106.3620 -6.2534 1.6000
125.5440 -2.7534 1.6000
115.0590 -2.7534 1.6000
133.3190 -8.7534 1.6000
109.7730 -2.7534 1.6000
137.5580 -4.2534 1.6000
103.6010 -5.2534 1.6000
96.3530 -5.2534 1.6000
111.1040 -8.7534 1.6000
103.4030 -5.2534 1.6000
107.9030 -6.2534 1.6000
114.9030 -6.2534 1.6000
129.5650 -8.7534 1.6000
147.1970 -1.7534 1.6000
102.5240 -6.2534 1.6000
125.0650 -9.7534 1.6000
129.2450 -2.7534 1.6000
126.2370 -6.2534 1.6000
126.0610 -9.7534 1.6000
146.5470 -8.7534 1.6000
124.0750 -9.7534 1.6000
140.4300 -1.7534 1.6000
128.2020 -6.2534 1.6000
108.1950 -8.7534 1.6000
121.1680 -9.7534 1.6000
123.3880 -6.2534 1.6000
143.0900 -5.2534 1.6000
105.9630 -2.7534 1.6000
132.3560 -2.7534 1.6000
117.6260 -6.2534 1.6000
123.6600 -9.7534 1.6000
128.7490 -6.2534 1.6000
93.2162 -1.7534 1.6000
110.2580 -8.7534 1.6000
129.6560 -8.7534 1.6000
98.6772 -8.7534 1.6000
141.3470 -5.2534 1.6000
99.6113 -9.7534 1.6000
142.4900 -8.7534 1.6000
135.3720 -1.7534 1.6000
143.7210 -8.7534 1.6000
133.8130 -2.7534 1.6000
99.8445 -1.7534 1.6000
115.8060 -1.7534 1.6000
117.0600 -9.7534 1.6000
143.5870 -5.2534 1.6000
125.9290 -1.7534 1.6000
96.7042 -1.7534 1.6000
100.1360 -5.2534 1.6000
108.7030 -9.7534 1.6000
134.4330 -8.7534 1.6000
118.7960 -9.7534 1.6000
135.4010 -8.7534 1.6000
135.3690 -2.7534 1.6000
139.8690 -1.7534 1.6000
122.3130 -9.7534 1.6000
146.9160 -8.7534 1.6000
103.6280 -8.7534 1.6000
110.7110 -5.2534 1.6000
118.8460 -2.7534 1.6000
114.0110 -9.7534 1.6000
109.5110 -8.7534 1.6000
101.1420 -1.7534 1.6000
92.7432 -1.7534 1.6000
95.4580 -8.7534 1.6000
145.4440 -5.2534 1.6000
146.9120 -8.7534 1.6000
126.3300 -7.7534 1.6000
134.6670 -8.7534 1.6000
130.1670 -9.7534 1.6000
94.9784 -8.7534 1.6000
114.9510 -6.2534 1.6000
117.3070 -9.7534 1.6000
144.6650 -1.7534 1.6000
115.8470 -6.2534 1.6000
143.0720 -8.7534 1.6000
